GSAT0101 (GALILEO-PFM)  
1 37846U 11060A   26160.80941627 -.00000062  00000+0  00000+0 0  9995
2 37846  56.9968 341.9613 0003215  49.6311 310.4133  1.70475644 90995
GSAT0102 (GALILEO-FM2)  
1 37847U 11060B   26158.40220003 -.00000063  00000+0  00000+0 0  9998
2 37847  57.0009 342.0270 0003434  13.7700 354.5257  1.70476015 90968
GSAT0103 (GALILEO-FM3)  
1 38857U 12055A   26162.02314896  .00000014  00000+0  00000+0 0  9997
2 38857  55.8029 101.7147 0004990 304.7651  55.1525  1.70473353 84908
GSAT0201 (GALILEO 5)    
1 40128U 14050A   26160.33214522 -.00000053  00000+0  00000+0 0  9999
2 40128  48.8841 273.7586 1673300 179.0833 181.3092  1.85520027 78176
GSAT0202 (GALILEO 6)    
1 40129U 14050B   26160.58770951 -.00000052  00000+0  00000+0 0  9999
2 40129  48.9007 272.8335 1674676 179.8278 180.2807  1.85520607 80340
GSAT0203 (GALILEO 7)    
1 40544U 15017A   26159.41409852 -.00000063  00000+0  00000+0 0  9995
2 40544  56.7896 341.8347 0002095 280.5229  79.4690  1.70476076 69057
GSAT0204 (GALILEO 8)    
1 40545U 15017B   26162.01620445 -.00000065  00000+0  00000+0 0  9991
2 40545  56.7983 341.7824 0001893 249.4853 110.5089  1.70475559 32140
GSAT0205 (GALILEO 9)    
1 40889U 15045A   26144.30399159 -.00000014  00000+0  00000+0 0  9994
2 40889  54.9357 222.4171 0006405 263.0112  96.9692  1.67409242 66562
GSAT0206 (GALILEO 10)   
1 40890U 15045B   26160.83170316  .00000048  00000+0  00000+0 0  9990
2 40890  54.9468 221.8077 0001682 339.7025  20.3746  1.70473928 66917
GSAT0209 (GALILEO 12)   
1 41174U 15079A   26162.17289344  .00000012  00000+0  00000+0 0  9995
2 41174  55.8238 101.4269 0005394 341.0365  18.9073  1.70473704 64670
GSAT0208 (GALILEO 11)   
1 41175U 15079B   26160.63344479  .00000022  00000+0  00000+0 0  9997
2 41175  55.8212 101.4660 0004898 340.3551  19.5970  1.70473549 65069
GSAT0211 (GALILEO 14)   
1 41549U 16030A   26158.99767407  .00000043  00000+0  00000+0 0  9999
2 41549  55.0982 221.9480 0002777 325.1627  34.9006  1.70473969 62511
GSAT0210 (GALILEO 13)   
1 41550U 16030B   26159.84153038  .00000045  00000+0  00000+0 0  9997
2 41550  55.0968 221.9227 0003068 229.8535 130.2012  1.70474105 62529
GSAT0207 (GALILEO 15)   
1 41859U 16069A   26160.11980086  .00000023  00000+0  00000+0 0  9990
2 41859  55.4940 101.3095 0005423 327.7880  32.1516  1.70473627 59261
GSAT0212 (GALILEO 16)   
1 41860U 16069B   26161.14639969  .00000018  00000+0  00000+0 0  9991
2 41860  55.4922 101.2762 0004678 355.7318   4.2331  1.70473868 59533
GSAT0213 (GALILEO 17)   
1 41861U 16069C   26162.10022564  .00000012  00000+0  00000+0 0  9990
2 41861  55.4950 101.2576 0005071 311.9600  47.9612  1.70474163 59416
GSAT0214 (GALILEO 18)   
1 41862U 16069D   26159.90009922  .00000024  00000+0  00000+0 0  9991
2 41862  55.4924 101.3112 0004328 318.2384  41.7019  1.70473875 59500
GSAT0215 (GALILEO 19)   
1 43055U 17079A   26160.97660892  .00000049  00000+0  00000+0 0  9994
2 43055  55.0750 221.7051 0003311 266.3689  93.6775  1.70474602 52866
GSAT0216 (GALILEO 20)   
1 43056U 17079B   26161.26776505  .00000050  00000+0  00000+0 0  9999
2 43056  55.0753 221.6973 0003701 276.7573  83.2861  1.70474756 52885
GSAT0217 (GALILEO 21)   
1 43057U 17079C   26160.31538817  .00000046  00000+0  00000+0 0  9992
2 43057  55.0739 221.7216 0003894 284.8595  75.1799  1.70474233 52855
GSAT0218 (GALILEO 22)   
1 43058U 17079D   26162.29521693  .00000055  00000+0  00000+0 0  9996
2 43058  55.0734 221.6644 0004380 272.9557  87.0844  1.70474706 52917
GSAT0221 (GALILEO 25)   
1 43564U 18060A   26161.61257961 -.00000063  00000+0  00000+0 0  9998
2 43564  57.1738 341.9578 0002678 307.2326  52.7584  1.70475913 49054
GSAT0222 (GALILEO 26)   
1 43565U 18060B   26161.83222565 -.00000064  00000+0  00000+0 0  9996
2 43565  57.1762 341.9557 0001909 252.3571 107.6372  1.70475642 49107
GSAT0219 (GALILEO 23)   
1 43566U 18060C   26161.46654166 -.00000063  00000+0  00000+0 0  9991
2 43566  57.1743 341.9669 0002195 328.4405  31.5620  1.70475904 49078
GSAT0220 (GALILEO 24)   
1 43567U 18060D   26159.34118285 -.00000062  00000+0  00000+0 0  9992
2 43567  57.1759 342.0253 0002253 317.6959  42.3025  1.70475807 49022
GSAT0223 (GALILEO 27)   
1 49809U 21116A   26162.13215269 -.00000065  00000+0  00000+0 0  9997
2 49809  57.1623 341.8389 0001404 187.4451 176.2704  1.70475860 28084
GSAT0224 (GALILEO 28)   
1 49810U 21116B   26162.53111728 -.00000066  00000+0  00000+0 0  9999
2 49810  57.1633 341.8270 0000988 155.4898 205.7028  1.70475859 28111
GSAT0225 (GALILEO 29)   
1 59598U 24079A   26160.48196544  .00000021  00000+0  00000+0 0  9995
2 59598  55.1155 101.2960 0001734 292.0981 244.7042  1.70474016 13181
GSAT0227 (GALILEO 30)   
1 59600U 24079C   26159.20410498  .00000025  00000+0  00000+0 0  9998
2 59600  55.1096 101.3297 0001920  44.5115 315.4782  1.70474042 13219
GSAT0232 (GALILEO 32)   
1 61182U 24167A   26161.27429947  .00000051  00000+0  00000+0 0  9992
2 61182  55.1868 221.5039 0006037 224.8875 181.2039  1.70474330 10764
GSAT0226 (GALILEO 31)   
1 61183U 24167B   26162.28065921  .00000056  00000+0  00000+0 0  9998
2 61183  55.1854 221.4835 0002833 223.3886 171.6670  1.70474227 10757
GSAT0233 (GALILEO 33)   
1 67160U 25302A   26157.66258742  .00000023  00000+0  00000+0 0  9996
2 67160  54.3305 102.4316 0001324 236.8649 300.4651  1.70474269  2941
GSAT0234 (GALILEO 34)   
1 67162U 25302C   26159.72591772  .00000025  00000+0  00000+0 0  9992
2 67162  54.3315 102.3718 0003125 304.5628 239.1894  1.70474133  3038
