TDRS 3                  
1 19548U 88091B   26173.80629387 -.00000305  00000+0  00000+0 0  9992
2 19548  12.5971 340.9686 0038120 356.6851 174.7750  1.00271828125444
FLTSATCOM 8 (USA 46)    
1 20253U 89077A   26173.84082227 -.00000372  00000+0  00000+0 0  9996
2 20253  12.4200 351.1293 0004097  58.5494 289.7994  1.00274578260619
SKYNET 4C               
1 20776U 90079A   26162.20198486  .00000132  00000+0  00000+0 0  9996
2 20776  13.3424 349.8525 0002400  96.2313 279.5534  1.00274127130831
TDRS 5                  
1 21639U 91054B   26173.70461553  .00000077  00000+0  00000+0 0  9992
2 21639  14.0703 353.7411 0006033 273.9865  89.1956  1.00277286127779
TDRS 6                  
1 22314U 93003B   26173.37904998 -.00000303  00000+0  00000+0 0  9990
2 22314  14.1828 357.0197 0008356 178.9270 185.2266  1.00269473122463
UFO 2 (USA 95)          
1 22787U 93056A   26173.62739875  .00000119  00000+0  00000+0 0  9994
2 22787  11.8967   3.5239 0004757   8.9961 152.7785  1.00271270118609
USA 99 (MILSTAR-1 1)    
1 22988U 94009A   26173.40941603 -.00000246  00000+0  00000+0 0  9998
2 22988  17.6350  27.6530 0000667 221.5707 144.6327  0.98724432 33001
UFO 4 (USA 108)         
1 23467U 95003A   26173.77869344 -.00000027  00000+0  00000+0 0  9994
2 23467   9.6923  13.2100 0003005  74.9155 275.3439  1.00273097115008
TDRS 7                  
1 23613U 95035B   26173.62344095 -.00000246  00000+0  00000+0 0  9990
2 23613  13.3749 348.1522 0011913  81.4406 154.5539  1.00279822113308
USA 115 (MILSTAR-1 2)   
1 23712U 95060A   26173.51245683 -.00000208  00000+0  00000+0 0  9997
2 23712  14.0747   3.7119 0001768 132.6995 226.3078  1.00364439 32933
INMARSAT 3-F1           
1 23839U 96020A   26173.58839047 -.00000088  00000+0  00000+0 0  9990
2 23839  10.6117  46.5843 0003801  60.3443 274.7819  0.99978092110301
INMARSAT 3-F2           
1 24307U 96053A   26173.63426117 -.00000299  00000+0  00000+0 0  9997
2 24307   9.8686  53.8806 0006543  35.1715 194.1857  1.00001632108978
INMARSAT 3-F3           
1 24674U 96070A   26173.82311547  .00000130  00000+0  00000+0 0  9997
2 24674  10.3298  49.5990 0003164  35.5345 158.8558  0.99985121107960
AMC-3                   
1 24936U 97050A   26173.59136030 -.00000004  00000+0  00000+0 0  9994
2 24936   8.1784  63.9286 0004406  30.0620 235.7958  0.99064631 52489
USA 134                 
1 25019U 97065A   26173.57984747 -.00000069  00000+0  00000+0 0  9998
2 25019  12.7908  21.6851 0003274 342.7663   2.6931  1.00269019 33001
INMARSAT 3-F5           
1 25153U 98006B   26173.08169546 -.00000296  00000+0  00000+0 0  9993
2 25153   9.7047  53.2137 0004230  33.3390 159.1307  1.00274184103946
ABS-6                   
1 25924U 99053A   26173.78308448 -.00000115  00000+0  00000+0 0  9995
2 25924   0.0399 272.3573 0004209 187.5503 251.9894  1.00278368 97894
UFO 10 (USA 146)        
1 25967U 99063A   26173.38364333 -.00000194  00000+0  00000+0 0  9991
2 25967   9.8653  27.1781 0001850  48.9123 309.6249  1.00269975 97399
ASIASTAR                
1 26107U 00016A   26173.62279404 -.00000337  00000+0  00000+0 0  9998
2 26107   9.1434  58.0967 0004394  31.7980 150.1082  1.00274324 95972
USA 149 (DSP 20)        
1 26356U 00024A   26173.78311346  .00000088  00000+0  00000+0 0  9994
2 26356  13.1749  11.8155 0001864 320.7699  54.9864  1.00277905 32973
TDRS 8                  
1 26388U 00034A   26173.61880735 -.00000201  00000+0  00000+0 0  9993
2 26388  12.6916  31.2748 0004840  22.8645 164.1076  1.00276509 95236
NSS-11                  
1 26554U 00059A   26173.77947344  .00000027  00000+0  00000+0 0  9997
2 26554   2.1418  81.3311 0002979   1.4938 284.7307  1.00271343 41343
USA 153                 
1 26575U 00065A   26173.62865023 -.00000330  00000+0  00000+0 0  9992
2 26575  11.6341  35.3776 0003064  48.3191 187.8643  1.00268741 32981
AMC-6                   
1 26580U 00067A   26173.68795111  .00000091  00000+0  00000+0 0  9999
2 26580   0.1670  83.3447 0003715  16.8919 283.2397  1.00270932 93949
USA 157 (MILSTAR-2 2)   
1 26715U 01009A   26173.72197535  .00000104  00000+0  00000+0 0  9992
2 26715  11.5490  19.7337 0039257 177.2549 183.8466  1.00277995 33006
INTELSAT 902 (IS-902)   
1 26900U 01039A   26173.52086353 -.00000284  00000+0  00000+0 0  9994
2 26900   6.1299  71.7183 0004236  16.9128 319.4692  1.00270083 90740
USA 164 (MILSTAR-2 3)   
1 27168U 02001A   26173.82336654  .00000092  00000+0  00000+0 0  9992
2 27168  11.1866  21.8763 0099764   8.4426 196.0527  1.00268864 33017
INTELSAT 904 (IS-904)   
1 27380U 02007A   26173.45322231 -.00000227  00000+0  00000+0 0  9990
2 27380   6.9338  69.1239 0006431   7.1690 325.9880  1.00272928 51819
DIRECTV 5 (TEMPO 1)     
1 27426U 02023A   26173.72278431 -.00000057  00000+0  00000+0 0  9992
2 27426   4.8927  75.2450 0003379  19.3201 326.4273  1.00272484 88173
INTELSAT 905 (IS-905)   
1 27438U 02027A   26173.78871025  .00000093  00000+0  00000+0 0  9992
2 27438   6.7682  69.7349 0004070  24.2259 323.7262  1.00272620 51414
GALAXY 3C (G-3C)        
1 27445U 02030A   26173.58322748 -.00000152  00000+0  00000+0 0  9992
2 27445   3.7470  77.9094 0001793  26.8189 281.1480  1.00271935 46546
INTELSAT 906 (IS-906)   
1 27513U 02041A   26173.82856228  .00000013  00000+0  00000+0 0  9997
2 27513   5.8162  72.8521 0004338   3.6531 196.9257  1.00271326 87087
NIMIQ 2                 
1 27632U 02062A   26173.68239051 -.00000073  00000+0  00000+0 0  9992
2 27632   9.4594  56.8426 0005699  27.8704 322.6221  1.00272955 44233
USA 167                 
1 27691U 03008A   26173.59686764 -.00000002  00000+0  00000+0 0  9997
2 27691  10.9726  43.3630 0003949 316.8606   3.7285  1.00272665  6826
USA 169 (MILSTAR-2 4)   
1 27711U 03012A   26173.41829669 -.00000273  00000+0  00000+0 0  9999
2 27711  12.3577  29.8018 0100819   9.4279 174.1104  1.00272862 33005
ASIASAT 4               
1 27718U 03014A   26173.63265006 -.00000222  00000+0  00000+0 0  9995
2 27718   4.7174  75.6788 0002865  18.7256 191.7144  1.00271915 45351
HELLAS-SAT 2            
1 27811U 03020A   26173.03030823 -.00000087  00000+0  00000+0 0  9996
2 27811   7.3673  67.8290 0002743  31.2366 172.0338  1.00271870 42899
THURAYA-2               
1 27825U 03026A   26173.88267567  .00000122  00000+0  00000+0 0  9996
2 27825   8.8486  31.9505 0002813  14.5781 226.3028  1.00273628 84401
OPTUS C1                
1 27831U 03028B   26173.78308448 -.00000152  00000+0  00000+0 0  9992
2 27831   6.9044  69.3446 0005723  17.6298 261.6523  1.00272392 53119
USA 170                 
1 27875U 03040A   26173.82068881  .00000122  00000+0  00000+0 0  9999
2 27875  10.5125  47.8969 0001934  53.5632 129.1853  1.00270562 33052
GALAXY 13 (HORIZONS-1)  
1 27954U 03044A   26173.73447288  .00000135  00000+0  00000+0 0  9997
2 27954   1.4329  83.7926 0002138   1.6970 299.8325  1.00273511 46626
YAMAL 202               
1 28089U 03053A   26172.56555374 -.00000084  00000+0  00000+0 0  9997
2 28089   6.3538  70.8853 0003179   7.2717 198.7487  1.00270906 82749
UFO 11 (USA 174)        
1 28117U 03057A   26173.68827785 -.00000108  00000+0  00000+0 0  9992
2 28117   8.9458  33.7993 0002382  67.6727 132.7863  1.00271706 82508
USA 176 (DSP 22)        
1 28158U 04004A   26173.44966897 -.00000302  00000+0  00000+0 0  9998
2 28158  12.0698  26.0349 0001352 315.9852  41.1823  1.00275109 32986
ABS-4 (MOBISAT-1)       
1 28184U 04007A   26173.75664031  .00000038  00000+0  00000+0 0  9994
2 28184   6.0550  71.9397 0005025  18.5867 153.8227  1.00274930 52397
INTELSAT 10-02          
1 28358U 04022A   26173.38797669 -.00000009  00000+0  00000+0 0  9996
2 28358   0.0201 295.2216 0000172 192.5285 281.4846  1.00271869 80601
ANIK F2                 
1 28378U 04027A   26173.68239051 -.00000048  00000+0  00000+0 0  9995
2 28378   3.3022  79.3791 0004220  11.3020 314.7068  1.00272122 41316
AMC-15                  
1 28446U 04041A   26173.65253714 -.00000086  00000+0  00000+0 0  9998
2 28446   0.0162  14.2455 0002395  65.5382 320.9021  1.00271843 79351
NSS-10                  
1 28526U 05003A   26173.41630013 -.00000253  00000+0  00000+0 0  9997
2 28526   6.4632  70.3928 0002940  16.0188 296.5942  1.00271663 53207
INMARSAT 4-F1           
1 28628U 05009A   26173.77990677  .00000032  00000+0  00000+0 0  9994
2 28628   5.1759  42.7751 0002751  48.3194 278.7361  1.00272485 77721
DIRECTV 8               
1 28659U 05019A   26173.68239051  .00000004  00000+0  00000+0 0  9990
2 28659   0.0178  34.1033 0003106  62.7225 300.6414  1.00272458 77120
GALAXY 28 (G-28)        
1 28702U 05022A   26173.09142267 -.00000201  00000+0  00000+0 0  9990
2 28702   3.3105  78.8739 0002789  14.8274 182.4033  1.00270607 52020
THAICOM 4               
1 28786U 05028A   26173.88301101 -.00000359  00000+0  00000+0 0  9993
2 28786   0.2608  85.8430 0001865 355.2964 267.3013  1.00270598 52305
ANIK F1R                
1 28868U 05036A   26173.72313097 -.00000074  00000+0  00000+0 0  9997
2 28868   4.3276  76.5147 0004283   7.6746 339.7376  1.00271621 46506
SYRACUSE 3A             
1 28885U 05041B   26173.82510882  .00000130  00000+0  00000+0 0  9996
2 28885   4.6560  75.7688 0002852   8.6388 170.2808  1.00270360 75800
INMARSAT 4-F2           
1 28899U 05044A   26172.98880230 -.00000263  00000+0  00000+0 0  9995
2 28899   5.1017  43.6996 0003083  37.4039 328.5195  1.00271669 75578
METEOSAT-9 (MSG-2)      
1 28912U 05049B   26173.82493549  .00000121  00000+0  00000+0 0  9995
2 28912   9.3746  54.1148 0001933 351.8008 207.7360  1.00275427  7052
EUTELSAT 174A           
1 28924U 05052A   26173.77197448  .00000010  00000+0  00000+0 0  9992
2 28924   4.2345  76.4631 0006429  13.2695 273.0909  1.00273222 52386
ECHOSTAR 10             
1 28935U 06003A   26173.65149713 -.00000053  00000+0  00000+0 0  9998
2 28935   0.0186  13.7650 0001539  71.9856 309.4003  1.00271427 74510
SPAINSAT                
1 28945U 06007A   26173.33249633 -.00000215  00000+0  00000+0 0  9990
2 28945   0.5774  86.4605 0004957   1.8703 271.7163  1.00272242 74273
JCSAT-5A                
1 29045U 06010A   26173.84203561 -.00000325  00000+0  00000+0 0  9994
2 29045   1.1251  84.1736 0002105 357.0773 264.9414  1.00270539 73828
ASTRA 1KR               
1 29055U 06012A   26173.81964880  .00000122  00000+0  00000+0 0  9996
2 29055   0.4892  83.2338 0003576   3.9169 137.9102  1.00273547 45755
GALAXY 16 (G-16)        
1 29236U 06023A   26173.65375047 -.00000124  00000+0  00000+0 0  9995
2 29236   0.0408 156.7444 0002724 295.3004 315.1330  1.00271729 73022
EUTELSAT 33F            
1 29270U 06032A   26173.86584722  .00000158  00000+0  00000+0 0  9994
2 29270   1.6771  82.1915 0003987   7.5288 166.1179  1.00273953 47368
JCSAT-3A                
1 29272U 06033A   26173.84116894 -.00000342  00000+0  00000+0 0  9992
2 29272   0.0063 353.9943 0002059  96.1601 251.6824  1.00271580 47797
KOREASAT 5 (MUGUNGWHA 5)
1 29349U 06034A   26173.83830892 -.00000355  00000+0  00000+0 0  9992
2 29349   1.8001  82.9310 0001582  51.2534 191.6826  1.00271723 41379
DIRECTV 9S              
1 29494U 06043A   26173.65331714 -.00000112  00000+0  00000+0 0  9993
2 29494   2.4357  80.8443 0005216  15.8344 308.1447  1.00271538 51434
OPTUS D1                
1 29495U 06043B   26173.79365273 -.00000182  00000+0  00000+0 0  9993
2 29495   3.0500  79.5935 0003600   3.9016 265.1657  1.00271321 72171
BADR-4                  
1 29526U 06051A   26173.82276881  .00000158  00000+0  00000+0 0  9999
2 29526   2.0202  81.0689 0004944   2.0476 158.5308  1.00274520 51326
WILDBLUE-1              
1 29643U 06054A   26173.68239051 -.00000048  00000+0  00000+0 0  9993
2 29643   2.8181  80.4191 0001562   7.8155 317.0756  1.00272190 53840
SKYNET 5A               
1 30794U 07007B   26173.84361977 -.00000271  00000+0  00000+0 0  9990
2 30794   5.3142  73.6729 0003734  22.3685 213.8981  1.00272898 70755
ANIK F3                 
1 31102U 07009A   26173.68239051  .00000001  00000+0  00000+0 0  9995
2 31102   1.2126  83.7973 0002737   9.2661 304.7437  1.00273791 46616
ASTRA 1L                
1 31306U 07016A   26173.81097389 -.00000182  00000+0  00000+0 0  9991
2 31306   1.3371  81.5476 0005507  15.3114  81.5893  1.00270885 45041
GALAXY 17 (G-17)        
1 31307U 07016B   26173.58513416 -.00000205  00000+0  00000+0 0  9996
2 31307   2.9864  79.8385 0004487  16.3469 300.2203  1.00273968 69851
INTELSAT 11 (IS-11)     
1 32253U 07044B   26173.83588225 -.00000085  00000+0  00000+0 0  9992
2 32253   3.5809  78.6071 0002714  85.1003 149.2391  0.99048639 68508
WGS F1 (USA 195)        
1 32258U 07046A   26173.30843144 -.00000266  00000+0  00000+0 0  9996
2 32258   0.0356  87.1513 0000477 352.5552 259.3063  1.00275383 52381
SKYNET 5B               
1 32294U 07056B   26173.82086214  .00000140  00000+0  00000+0 0  9991
2 32294   5.2659  73.4377 0003498  19.7888 138.3916  1.00269045 68254
ASTRA 4A                
1 32299U 07057A   26173.38910336  .00000035  00000+0  00000+0 0  9992
2 32299   0.0286 301.1665 0002572 155.5547 318.7484  1.00274998 51699
HORIZONS-2              
1 32388U 07063B   26173.80109385 -.00000251  00000+0  00000+0 0  9990
2 32388   2.6174  80.5632 0004044   2.3944  42.6107  1.00272323 67872
THURAYA-3               
1 32404U 08001A   26173.68732450 -.00000003  00000+0  00000+0 0  9998
2 32404   5.9990  35.8135 0001705 146.5428  46.7272  1.00008348 67549
THOR 5                  
1 32487U 08006A   26173.81574878 -.00000006  00000+0  00000+0 0  9990
2 32487   0.0467 253.7600 0002608 203.1084 107.0454  1.00273373 67370
AMC-14                  
1 32708U 08011A   26173.11630836 -.00000071  00000+0  00000+0 0  9994
2 32708  24.0100  20.4593 0045272   7.4641 351.2925  1.00355768 68213
DIRECTV 11              
1 32729U 08013A   26173.65366381 -.00000123  00000+0  00000+0 0  9997
2 32729   0.0374 183.5738 0000333 254.1692 329.2283  1.00271880 45647
ICO G1                  
1 32763U 08016A   26173.65487715 -.00000173  00000+0  00000+0 0  9998
2 32763   5.5316  36.1233 0002400  38.9580 338.6528  1.00268837 66608
VINASAT-1               
1 32767U 08018A   26173.63100532 -.00000326  00000+0  00000+0 0  9991
2 32767   0.0106 336.9171 0001595 121.1055 171.8937  1.00271385 66644
STAR ONE C2             
1 32768U 08018B   26173.58912084 -.00000275  00000+0  00000+0 0  9992
2 32768   1.2556  82.4264 0002736  15.2174 320.2097  1.00272367 66701
AMOS-3                  
1 32794U 08022A   26173.82441549  .00000128  00000+0  00000+0 0  9992
2 32794   0.4707  86.1666 0002282  67.5872  97.1235  1.00480098 82396
GALAXY 18 (G-18)        
1 32951U 08024A   26173.68239051  .00000028  00000+0  00000+0 0  9995
2 32951   0.0168 317.3415 0002953 135.8802 300.2983  1.00273153 45902
ZHONGXING-9             
1 33051U 08028A   26173.89816758 -.00000246  00000+0  00000+0 0  9992
2 33051   0.7847  85.2951 0003916 346.5149 254.9876  1.00272019 66095
SKYNET 5C               
1 33055U 08030A   26173.66981296 -.00000139  00000+0  00000+0 0  9995
2 33055   3.8037  76.9811 0004251  21.1167  36.0897  1.00271840 66010
TURKSAT 3A              
1 33056U 08030B   26173.46758205  .00000148  00000+0  00000+0 0  9995
2 33056   0.0693  81.9533 0005203 354.1103  44.8951  1.00273691 52415
ECHOSTAR 11             
1 33207U 08035A   26173.65158380 -.00000056  00000+0  00000+0 0  9996
2 33207   1.0202  84.1312 0002665 348.8449 322.6176  1.00271369 51260
SUPERBIRD-C2            
1 33274U 08038A   26173.84281561 -.00000304  00000+0  00000+0 0  9998
2 33274   2.3764  81.2006 0006276  27.4938 241.7326  1.00271280105781
INMARSAT 4-F3           
1 33278U 08039A   26173.65392381 -.00000140  00000+0  00000+0 0  9993
2 33278   4.2969  31.6334 0002717  65.2835 311.3301  1.00271275 46604
NIMIQ 4                 
1 33373U 08044A   26173.58582749 -.00000218  00000+0  00000+0 0  9992
2 33373   0.0136  85.2251 0001925   3.2102 311.2234  1.00270450 65038
GALAXY 19 (G-19)        
1 33376U 08045A   26173.58279414 -.00000137  00000+0  00000+0 0  9998
2 33376   0.0495 260.3338 0002678 198.8202 284.4136  1.00271887 64956
ASTRA 1M                
1 33436U 08057A   26173.81973546  .00000124  00000+0  00000+0 0  9996
2 33436   0.3117  82.5992 0005093  27.3236 115.5682  1.00274810 45794
EUTELSAT HOTBIRD 13C    
1 33459U 08065A   26173.80594720 -.00000281  00000+0  00000+0 0  9997
2 33459   2.9655  79.1324 0003604  12.4201  59.2442  1.00269392 47405
EXPRESS-AM44            
1 33595U 09007A   26173.67111296 -.00000088  00000+0  00000+0 0  9998
2 33595   3.4788  78.3349 0004010   4.1344  58.9587  1.00271132 52345
NSS-9                   
1 33749U 09008A   26173.78086012  .00000074  00000+0  00000+0 0  9993
2 33749   1.2771  82.6152 0002173 352.2054 300.3045  1.00272633 63574
TELSTAR 11N             
1 34111U 09009A   26173.80846054 -.00000248  00000+0  00000+0 0  9995
2 34111   0.0366  80.3029 0002505   9.4992  74.6689  1.00273000 46300
WGS F2 (USA 204)        
1 34713U 09017A   26173.47082896  .00000070  00000+0  00000+0 0  9993
2 34713   0.0181  17.8194 0000230  22.8250  97.0087  1.00271382 45671
SES-7 (PROTOSTAR 2)     
1 34941U 09027A   26173.83735559 -.00000341  00000+0  00000+0 0  9990
2 34941   0.0523  75.1246 0000264 303.6824 301.8829  1.00269542 62688
MEASAT-3A               
1 35362U 09032A   26173.77626676 -.00000107  00000+0  00000+0 0  9996
2 35362   0.0254  19.8045 0003104  64.6921 265.9265  1.00272224  8086
GOES 14                 
1 35491U 09033A   26173.84333561 -.00000309  00000+0  00000+0 0  9990
2 35491   1.7055  82.9838 0002063  15.0231 255.1544  1.00109515  6647
FM-5                    
1 35493U 09034A   26173.29945806 -.00000199  00000+0  00000+0 0  9990
2 35493   0.0247 286.0015 0000823  43.5796 322.5457  1.00270518 46695
TERRESTAR-1             
1 35496U 09035A   26173.65132380 -.00000057  00000+0  00000+0 0  9992
2 35496   5.1838  48.7928 0002758  36.1248 309.3722  1.00270480 62183
ASIASAT 5               
1 35696U 09042A   26173.89766525  .00000000  00000+0  00000+0 0  9999
2 35696   0.0386  57.9603 0001540  38.3324 238.4989  1.00264613 61767
JCSAT-12 (JCSAT-RA)     
1 35755U 09044A   26173.84203561 -.00000324  00000+0  00000+0 0  9998
2 35755   0.0209 302.2646 0000322 352.1297  51.7912  1.00272537 61668
OPTUS D3                
1 35756U 09044B   26173.34780696 -.00000146  00000+0  00000+0 0  9995
2 35756   0.8759 268.6839 0003703 189.0413  94.1414  1.00263359 61614
NIMIQ 5                 
1 35873U 09050A   26173.51635684 -.00000255  00000+0  00000+0 0  9998
2 35873   0.0461 269.2063 0002796 167.6736 307.0064  1.00269856 61393
AMAZONAS 2              
1 35942U 09054A   26173.58773417 -.00000257  00000+0  00000+0 0  9995
2 35942   1.8304  82.9888 0003355   9.9574 317.4154  1.00272065 61234
COMSATBW-1              
1 35943U 09054B   26173.88382704  .00000028  00000+0  00000+0 0  9999
2 35943   0.0529 149.5896 0002983 300.8499 201.8172  1.00270281 61367
NSS-12                  
1 36032U 09058A   26173.84558902  .00000074  00000+0  00000+0 0  9995
2 36032   0.0835 275.7337 0005112 143.1217 213.5815  1.00274572 60979
THOR 6                  
1 36033U 09058B   26173.81574878 -.00000006  00000+0  00000+0 0  9999
2 36033   0.0369 113.8315 0001837 340.9286 109.0613  1.00272636 61068
INTELSAT 14 (IS-14)     
1 36097U 09064A   26173.80698720 -.00000270  00000+0  00000+0 0  9991
2 36097   0.0165   0.6211 0002543  91.3670  64.5123  1.00271004 60663
EUTELSAT 36B            
1 36101U 09065A   26173.82588882  .00000115  00000+0  00000+0 0  9994
2 36101   0.5061  81.1992 0005670   8.4662 169.1343  1.00270896 60768
INTELSAT 15 (IS-15)     
1 36106U 09067A   26173.79766740 -.00000182  00000+0  00000+0 0  9993
2 36106   0.0172   6.8032 0002343  86.8995 189.5811  1.00271993 41284
WGS F3 (USA 211)        
1 36108U 09068A   26173.57629411  .00000066  00000+0  00000+0 0  9995
2 36108   0.3208  85.8151 0000434 343.8483 278.5606  1.00274341 46641
DIRECTV 12              
1 36131U 09075A   26173.85044781  .00000000  00000+0  00000+0 0  9999
2 36131   0.0096  91.9292 0000380   8.2212  14.3136  1.00268920 46612
BEIDOU-2 G1             
1 36287U 10001A   26173.55851920 -.00000281  00000+0  00000+0 0  9992
2 36287   4.3070  60.4033 0002238 302.9862 248.8451  1.00268711 60221
SDO                     
1 36395U 10005A   26173.29314646 -.00000086  00000+0  00000+0 0  9999
2 36395  34.6629  86.2635 0001756  48.5952 139.0030  1.00270530 60112
INTELSAT 16 (IS-16)     
1 36397U 10006A   26173.80083384 -.00000242  00000+0  00000+0 0  9995
2 36397   0.0090 346.1883 0002228 120.6181  16.2665  1.00271634 59717
EWS-G2 (GOES 15)        
1 36411U 10008A   26173.75724698  .00000023  00000+0  00000+0 0  9994
2 36411   1.2934  82.7807 0005100  42.1168 122.2611  1.00267479 59696
ECHOSTAR 14             
1 36499U 10010A   26173.68239051  .00000003  00000+0  00000+0 0  9997
2 36499   0.0361 270.7587 0002579 188.0105 298.8379  1.00270961 46603
SES-1                   
1 36516U 10016A   26173.65331714 -.00000112  00000+0  00000+0 0  9991
2 36516   0.0209 312.0367 0002782 135.7661 317.2169  1.00271906 59081
ASTRA 3B                
1 36581U 10021A   26173.82060213  .00000140  00000+0  00000+0 0  9991
2 36581   1.4837  83.4846 0004110  11.0388 135.3853  1.00273508 58926
COMSATBW-2              
1 36582U 10021B   26173.81852213  .00000092  00000+0  00000+0 0  9996
2 36582   0.0591  73.2601 0002938  33.6836 111.9551  1.00275389 59014
BEIDOU-2 G3             
1 36590U 10024A   26173.68905785 -.00000135  00000+0  00000+0 0  9995
2 36590   4.5298  61.5027 0007957 352.8870 184.2252  1.00270956 58822
BADR-5                  
1 36592U 10025A   26173.82190214  .00000157  00000+0  00000+0 0  9990
2 36592   0.0632 113.1604 0004131  75.0604  49.1617  1.00275479 53275
COMS 1                  
1 36744U 10032A   26172.97490339  .00000092  00000+0  00000+0 0  9991
2 36744   4.8182  75.3013 0011740  12.4860 227.6786  0.99164096 51134
ARABSAT-5A              
1 36745U 10032B   26173.82190214  .00000157  00000+0  00000+0 0  9998
2 36745   0.0623  46.5146 0005604  62.6886 128.1746  1.00269854 58709
ECHOSTAR 15             
1 36792U 10034A   26173.64976380  .00000002  00000+0  00000+0 0  9997
2 36792   0.0077   4.4381 0002149  66.4277 315.0615  1.00271225 58375
BEIDOU-2 IGSO-1         
1 36828U 10036A   26172.91015765 -.00000061  00000+0  00000+0 0  9995
2 36828  54.3043 162.9159 0059112 225.3077 317.1392  1.00270451 58149
NILESAT 201             
1 36830U 10037A   26173.67197964 -.00000055  00000+0  00000+0 0  9998
2 36830   0.0350 150.6653 0004859 326.9315  28.1766  1.00270740 58432
RASCOM-QAF 1R           
1 36831U 10037B   26173.82891889  .00000022  00000+0  00000+0 0  9996
2 36831   0.0114  50.0463 0006664  36.7291 125.5348  1.00271170 58366
AEHF-1 (USA 214)        
1 36868U 10039A   26173.82190214  .00000146  00000+0  00000+0 0  9999
2 36868   8.2339  67.9818 0004155   9.9446 158.9951  1.00277998 53711
XM-5                    
1 37185U 10053A   26173.43666890 -.00000021  00000+0  00000+0 0  9996
2 37185   0.0649 271.2570 0002629 286.7800 114.5883  1.00271419 57534
BSAT-3B                 
1 37207U 10056B   26173.74211521 -.00000347  00000+0  00000+0 0  9996
2 37207   0.0513 227.1732 0001834 301.4966 119.2436  1.00271069 52154
BEIDOU-2 G4             
1 37210U 10057A   26173.63373038 -.00000112  00000+0  00000+0 0  9991
2 37210   3.6615  68.9255 0005085 195.3895  34.6238  1.00270898 57349
SKYTERRA 1              
1 37218U 10061A   26173.65323047 -.00000119  00000+0  00000+0 0  9998
2 37218   5.1373  50.8562 0002377  16.7153 337.0947  1.00272699 57247
HYLAS 1                 
1 37237U 10065A   26173.81869546  .00000090  00000+0  00000+0 0  9997
2 37237   5.6585  72.9537 0001023 333.1978 173.3731  1.00273313  6940
INTELSAT 17 (IS-17)     
1 37238U 10065B   26173.83397451  .00000001  00000+0  00000+0 0  9993
2 37238   0.0008  47.5685 0002612  58.9951 170.6820  1.00272623 53304
BEIDOU-2 IGSO-2         
1 37256U 10068A   26171.70907590 -.00000228  00000+0  00000+0 0  9993
2 37256  47.5404 271.7871 0055935 212.8657 147.5253  1.00282061 56839
EUTELSAT KA-SAT 9A      
1 37258U 10069A   26173.38988337  .00000063  00000+0  00000+0 0  9996
2 37258   0.0605  12.2267 0003763 116.4220 291.2851  1.00269765 44050
HISPASAT 30W-5          
1 37264U 10070A   26173.66729962 -.00000213  00000+0  00000+0 0  9991
2 37264   0.0589 104.4420 0005509   2.4967  14.1347  1.00271197 53240
KOREASAT 6              
1 37265U 10070B   26173.62772361 -.00000109  00000+0  00000+0 0  9993
2 37265   0.0300  77.4813 0002382  22.6785 196.4949  1.00271300 56820
BEIDOU-2 IGSO-3         
1 37384U 11013A   26173.55236584 -.00000198  00000+0  00000+0 0  9995
2 37384  62.4149  40.0991 0034896 184.2383 352.7618  1.00266573 55715
INTELSAT 28 (IS-28)     
1 37392U 11016A   26173.80958721 -.00000223  00000+0  00000+0 0  9998
2 37392   1.8216  82.5622 0003866   9.5807  78.5681  1.00270992 53341
YAHSAT 1A               
1 37393U 11016B   26173.82215439  .00000000  00000+0  00000+0 0  9995
2 37393   0.0189  17.0756 0003227  84.9686 157.4257  1.00270796 42465
SBIRS GEO-1 (USA 230)   
1 37481U 11019A   26173.75490698  .00000100  00000+0  00000+0 0  9991
2 37481   4.5477  53.1206 0001946  32.1545 149.2252  1.00272356 55459
TELSTAR 14R             
1 37602U 11021A   26173.80343385 -.00000277  00000+0  00000+0 0  9991
2 37602   0.0333  77.1822 0002395 346.3764  73.6598  1.00271951 55899
GSAT-8                  
1 37605U 11022A   26173.81613807  .00000087  00000+0  00000+0 0  9993
2 37605   2.1465  81.7614 0001811 191.1668 346.9381  1.00271284 53277
ST-2                    
1 37606U 11022B   26173.77197543 -.00000208  00000+0  00000+0 0  9999
2 37606   0.0262  81.1311 0001914  21.8579 173.8767  1.00271035 55330
ZHONGXING-10            
1 37677U 11026A   26173.89329957 -.00000186  00000+0  00000+0 0  9995
2 37677   1.0629  84.1543 0003462   2.2187 231.7766  1.00273152 55058
SES-3                   
1 37748U 11035A   26173.65288381 -.00000100  00000+0  00000+0 0  9999
2 37748   1.3418  83.0370 0002499   1.7274 318.1047  1.00271864 54646
KAZSAT-2                
1 37749U 11035B   26173.47663565 -.00000195  00000+0  00000+0 0  9995
2 37749   0.0385 188.8497 0001508 321.6788  18.2333  1.00270892 53458
BEIDOU-2 IGSO-4         
1 37763U 11038A   26171.66976073  .00000027  00000+0  00000+0 0  9997
2 37763  54.6011 165.6404 0159492 231.4735 206.4270  1.00284412 54682
ASTRA 1N                
1 37775U 11041A   26173.81973546  .00000123  00000+0  00000+0 0  9992
2 37775   0.0755  32.2219 0006498  69.5416 123.5246  1.00270877 44581
BSAT-3C (JCSAT-110R)    
1 37776U 11041B   26173.80585218 -.00000347  00000+0  00000+0 0  9996
2 37776   0.0142 356.8560 0000070 172.3393 141.8436  1.00272044 50526
PAKSAT-1R               
1 37779U 11042A   26173.82337547  .00000157  00000+0  00000+0 0  9990
2 37779   0.7045  84.5629 0003429 343.0162 177.7868  1.00269701 54539
SES-2                   
1 37809U 11049A   26173.58478749 -.00000193  00000+0  00000+0 0  9995
2 37809   0.0750  96.2787 0002840 353.0436 304.9582  1.00271506 54011
ARABSAT-5C              
1 37810U 11049B   26173.81990880  .00000127  00000+0  00000+0 0  9994
2 37810   0.0470 355.8571 0003623 117.6889 112.6356  1.00274151 54093
EUTELSAT 7 WEST A       
1 37816U 11051A   26173.74314786 -.00000057  00000+0  00000+0 0  9993
2 37816   0.0706  26.7072 0004419  73.6935  70.7337  1.00272474 53939
QUETZSAT 1              
1 37826U 11054A   26173.80057384 -.00000239  00000+0  00000+0 0  9994
2 37826   0.0396  65.3830 0002802  27.8200  28.9816  1.00271564 49937
INTELSAT 18 (IS-18)     
1 37834U 11056A   26173.77197448  .00000056  00000+0  00000+0 0  9993
2 37834   0.0270 278.9191 0001887 174.1678 275.7572  1.00271629 53866
EUTELSAT 16A            
1 37836U 11057A   26173.82336654  .00000107  00000+0  00000+0 0  9993
2 37836   0.0393 355.4048 0005647  96.3983 131.6012  1.00270641  7397
VIASAT-1                
1 37843U 11059A   26173.65054380 -.00000021  00000+0  00000+0 0  9993
2 37843   0.0193 338.4140 0002430 113.9281 297.5740  1.00270697 47374
ASIASAT 7               
1 37933U 11069A   26173.89235060 -.00000330  00000+0  00000+0 0  9999
2 37933   0.0437 273.3848 0001403 160.4564 263.9699  1.00269283 44913
BEIDOU-2 IGSO-5         
1 37948U 11073A   26169.66754444 -.00000192  00000+0  00000+0 0  9998
2 37948  47.6748 271.5267 0113971 221.7702 105.6518  1.00272695 53143
LUCH-5A                 
1 37951U 11074B   26173.62464274 -.00000052  00000+0  00000+0 0  9998
2 37951   8.7684  73.7290 0002538  28.1178 200.7535  1.00271508 53108
NIGCOMSAT 1R            
1 38014U 11077A   26173.82432882  .00000148  00000+0  00000+0 0  9999
2 38014   0.0518 108.6185 0002394 246.7588 254.8606  1.00273068 53016
WGS F4 (USA 233)        
1 38070U 12003A   26173.12046838  .00000000  00000+0  00000+0 0  9993
2 38070   0.0203  15.8625 0000834  95.8644 290.3737  1.00267708 44193
SES-4                   
1 38087U 12007A   26173.81140722 -.00000165  00000+0  00000+0 0  9991
2 38087   0.0234  25.8795 0002624  78.9222  76.2980  1.00270167 52280
BEIDOU-2 G5             
1 38091U 12008A   26173.89028417  .00000058  00000+0  00000+0 0  9991
2 38091   3.5890  69.6736 0008944 274.3935 306.1786  1.00273934 52426
MUOS-1                  
1 38093U 12009A   26173.65349047 -.00000128  00000+0  00000+0 0  9992
2 38093   5.4867  47.1481 0057981   2.1582 356.7769  1.00273266 52498
INTELSAT 22 (IS-22)     
1 38098U 12011A   26173.83020896 -.00000056  00000+0  00000+0 0  9998
2 38098   0.0241  62.0263 0001500  37.6858 182.2838  1.00272622  7246
APSTAR-7                
1 38107U 12013A   26174.11625402  .00000000  00000+0  00000+0 0  9995
2 38107   0.0169  17.5493 0003095  81.7520 290.3423  1.00266107 51862
YAHSAT 1B               
1 38245U 12016A   26173.82536882  .00000130  00000+0  00000+0 0  9995
2 38245   0.0898  89.5983 0002935  24.5253 141.6049  1.00270701 45665
AEHF-2 (USA 235)        
1 38254U 12019A   26173.45616900 -.00000137  00000+0  00000+0 0  9995
2 38254   6.6623  57.4494 0002190  29.3054 331.5329  1.00271381  7045
JCSAT-13                
1 38331U 12023A   26173.84047560 -.00000353  00000+0  00000+0 0  9999
2 38331   0.0166  18.4329 0002627  78.5101 240.6516  1.00271961 51590
VINASAT-2               
1 38332U 12023B   26173.84203561 -.00000326  00000+0  00000+0 0  9995
2 38332   0.0157  17.0458 0002378  80.1656 248.7833  1.00271523 46719
NIMIQ 6                 
1 38342U 12026A   26173.65531049 -.00000171  00000+0  00000+0 0  9991
2 38342   0.0113 349.3491 0002809  97.7214 328.5663  1.00272012 50462
ZHONGXING-2A            
1 38352U 12028A   26173.89469529 -.00000289  00000+0  00000+0 0  9993
2 38352   1.4705  83.8211 0003947  43.9411 203.6286  1.00270739 51358
INTELSAT 19 (IS-19)     
1 38356U 12030A   26173.77748009 -.00000053  00000+0  00000+0 0  9999
2 38356   0.0170 358.9921 0003197 100.2310 257.6225  1.00272914 50504
ECHOSTAR 17             
1 38551U 12035A   26173.50951014 -.00000073  00000+0  00000+0 0  9996
2 38551   0.0189  17.5656 0002232  74.0535 255.3893  1.00272711 51119
METEOSAT-10 (MSG-3)     
1 38552U 12035B   26173.81600878 -.00000006  00000+0  00000+0 0  9996
2 38552   4.6856  61.0002 0001644   4.0244 139.9662  1.00267513 50918
SES-5                   
1 38652U 12036A   26173.53161025  .00000036  00000+0  00000+0 0  9995
2 38652   0.0466 315.0978 0001946 134.3683  17.5956  1.00271557 44518
INTELSAT 20 (IS-20)     
1 38740U 12043A   26173.47299564 -.00000022  00000+0  00000+0 0  9990
2 38740   0.0056  44.4069 0001249 142.7135 322.3051  1.00267817 50802
HYLAS 2                 
1 38741U 12043B   26173.51635684 -.00000256  00000+0  00000+0 0  9992
2 38741   2.4419  81.0107 0002606  29.0405 273.9585  1.00271642 50823
INTELSAT 21 (IS-21)     
1 38749U 12045A   26173.51921686 -.00000283  00000+0  00000+0 0  9992
2 38749   0.0127  51.2621 0001602  52.9298 295.4278  1.00271706 50572
ASTRA 2F                
1 38778U 12051A   26173.82146881  .00000153  00000+0  00000+0 0  9996
2 38778   0.0495 252.2835 0001820 278.3301  64.2855  1.00273352 41193
GSAT-10                 
1 38779U 12051B   26173.83138434 -.00000162  00000+0  00000+0 0  9994
2 38779   0.0661 260.5064 0007983 188.8869 203.9300  1.00272246 50159
INTELSAT 23 (IS-23)     
1 38867U 12057A   26173.80542720 -.00000282  00000+0  00000+0 0  9995
2 38867   0.0079 330.4914 0000089 323.5037 213.9242  1.00272658 50014
BEIDOU-2 G6             
1 38953U 12059A   26173.83237564 -.00000174  00000+0  00000+0 0  9993
2 38953   4.4368  73.4690 0009813 326.0822 255.1504  1.00271396 49967
LUCH-5B                 
1 38977U 12061A   26173.38503000 -.00000142  00000+0  00000+0 0  9998
2 38977  10.4958  49.8329 0002364 144.2899 198.7873  1.00272227 49650
YAMAL 300K              
1 38978U 12061B   26173.78086012  .00000000  00000+0  00000+0 0  9994
2 38978   0.0128 335.1090 0000913 281.3368 118.5710  1.00268546 49685
STAR ONE C3             
1 38991U 12062A   26173.80109385 -.00000246  00000+0  00000+0 0  9995
2 38991   0.0190  20.2683 0002399  79.4582  24.6415  1.00272707 49822
EUTELSAT 21B            
1 38992U 12062B   26173.82584281  .00000133  00000+0  00000+0 0  9994
2 38992   0.0646 356.5950 0002985  85.5897 147.7175  1.00270208 49889
ECHOSTAR 16             
1 39008U 12065A   26173.30875376 -.00000281  00000+0  00000+0 0  9992
2 39008   0.0098 355.8938 0002001  97.4602 226.7914  1.00271620 49699
ZHONGXING-12            
1 39017U 12067A   26173.89816758 -.00000203  00000+0  00000+0 0  9991
2 39017   0.0507  94.3694 0002935 347.8813 239.6512  1.00270810 49563
EUTELSAT 70B            
1 39020U 12069A   26173.47342897 -.00000041  00000+0  00000+0 0  9999
2 39020   0.0705  25.8492 0003817  56.9595  68.7713  1.00272095 49568
YAMAL 402               
1 39022U 12070A   26173.84080955  .00000089  00000+0  00000+0 0  9999
2 39022   1.2804  84.0986 0003931   5.5737 178.9270  1.00272411 49455
SKYNET 5D               
1 39034U 12075A   26173.84505003  .00000102  00000+0  00000+0 0  9999
2 39034   0.0659   3.0347 0003817  96.4211 168.5547  1.00273256 49218
MEXSAT 3                
1 39035U 12075B   26173.65054380 -.00000023  00000+0  00000+0 0  9999
2 39035   0.0167  42.6317 0001485  36.0373 311.5222  1.00269284  7105
TDRS 11                 
1 39070U 13004A   26173.78138012  .00000080  00000+0  00000+0 0  9992
2 39070   3.5287  31.3468 0005218  22.5389 323.9284  1.00271467 46746
AMAZONAS 3              
1 39078U 13006A   26173.80386719 -.00000279  00000+0  00000+0 0  9995
2 39078   0.0332 150.7208 0002304 341.0201   7.6326  1.00270895 44970
AZERSPACE 1             
1 39079U 13006B   26173.53984725  .00000135  00000+0  00000+0 0  9997
2 39079   0.0180   7.4921 0001708 114.2241  29.3229  1.00272546 48863
SBIRS GEO-2 (USA 241)   
1 39120U 13011A   26173.52086353 -.00000287  00000+0  00000+0 0  9998
2 39120   4.5006  52.5097 0002063  32.1024 323.7995  1.00271247 48580
EUTELSAT 117 WEST A     
1 39122U 13012A   26173.68239051 -.00000010  00000+0  00000+0 0  9997
2 39122   0.0280  49.7674 0002942  42.1273 307.8251  1.00272839 48484
ANIK G1                 
1 39127U 13014A   26173.58080080 -.00000072  00000+0  00000+0 0  9997
2 39127   0.0332 274.3702 0001754 172.3990 285.7594  1.00272124 48309
ZHONGXING-11            
1 39157U 13020A   26173.86819016 -.00000287  00000+0  00000+0 0  9995
2 39157   0.0258 301.4974 0002439 126.7188 253.2792  1.00272777 47959
EUTELSAT 7B             
1 39163U 13022A   26173.82891889  .00000051  00000+0  00000+0 0  9996
2 39163   0.0644   3.5607 0004433  35.5850 177.2541  1.00271404 48007
WGS F5 (USA 243)        
1 39168U 13024A   26173.44906230  .00000000  00000+0  00000+0 0  9992
2 39168   0.0209 358.3722 0000291  51.1634 330.2497  1.00269820 47223
SES-6                   
1 39172U 13026A   26173.80794054 -.00000258  00000+0  00000+0 0  9994
2 39172   0.0164 351.5793 0002702 103.3834  66.3862  1.00271925 47785
IRNSS-1A                
1 39199U 13034A   26169.89544831  .00000051  00000+0  00000+0 0  9992
2 39199  35.7241  63.8469 0017589 183.2529  37.3106  1.00275723 47380
MUOS-2                  
1 39206U 13036A   26173.77725181 -.00000012  00000+0  00000+0 0  9992
2 39206   5.0058  45.5353 0051393 177.3302 139.8964  1.00274130 47244
ALPHASAT                
1 39215U 13038A   26173.53568723  .00000134  00000+0  00000+0 0  9999
2 39215   2.9984   1.3327 0001947  95.9349  31.1696  1.00273528 44079
INSAT-3D                
1 39216U 13038B   26173.84151560 -.00000336  00000+0  00000+0 0  9996
2 39216   1.9416  82.4783 0000997 355.2731 265.7190  1.00273436 47138
WGS F6 (USA 244)        
1 39222U 13041A   26173.68795111  .00000092  00000+0  00000+0 0  9993
2 39222   0.0190  15.6873 0000302  39.8714 327.7634  1.00272448 46119
ES'HAIL 1               
1 39233U 13044A   26173.82094881  .00000146  00000+0  00000+0 0  9990
2 39233   0.0470   3.9466 0002083  81.5841 146.4683  1.00271716 46682
GSAT-7                  
1 39234U 13044B   26173.83055562 -.00000073  00000+0  00000+0 0  9995
2 39234   0.0977  92.5650 0002816 190.2477   1.1432  1.00271326 45316
AMOS-4                  
1 39237U 13045A   26173.82873563  .00000000  00000+0  00000+0 0  9996
2 39237   0.0243  57.1886 0002435  13.7819 203.3777  1.00273145 47017
AEHF-3 (USA 246)        
1 39256U 13050A   26173.72009762  .00000029  00000+0  00000+0 0  9995
2 39256   5.3066  67.1332 0087920 188.0190 150.7304  1.00273974 45701
ASTRA 2E                
1 39285U 13056A   26173.82155547  .00000153  00000+0  00000+0 0  9995
2 39285   0.0677 322.0751 0002578 135.1035 138.0859  1.00268985 46473
FM-6                    
1 39360U 13058A   26173.72157096  .00000000  00000+0  00000+0 0  9992
2 39360   0.0433  58.5940 0001956 117.9593 237.8047  1.00270652 46127
RADUGA-1M 3             
1 39375U 13062A   26173.32359818  .00000152  00000+0  00000+0 0  9993
2 39375   5.9717  72.2905 0001687 277.0266  72.6582  1.00271978 46156
SES-8                   
1 39460U 13071A   26173.87108400 -.00000266  00000+0  00000+0 0  9994
2 39460   0.0406 273.5485 0002894 179.3607 226.7250  1.00271200 44481
INMARSAT 5-F1           
1 39476U 13073A   26172.95788860  .00000028  00000+0  00000+0 0  9990
2 39476   0.0163  30.3346 0000490 307.1153 340.1552  1.00269473 45622
TKSAT-1 (TUPAC KATARI)  
1 39481U 13075A   26173.79867697 -.00000192  00000+0  00000+0 0  9990
2 39481   0.0135 239.4181 0002801 205.1722  26.7042  1.00273131 45664
EXPRESS-AM5             
1 39487U 13077A   26173.84359561 -.00000277  00000+0  00000+0 0  9994
2 39487   0.0113 298.3831 0000299  67.9700 348.3914  1.00272697 46412
GSAT-14                 
1 39498U 14001A   26173.75924032 -.00000074  00000+0  00000+0 0  9990
2 39498   0.0493  96.3908 0000678 159.4595   2.3910  1.00271801 45436
THAICOM 6               
1 39500U 14002A   26173.79766740 -.00000118  00000+0  00000+0 0  9998
2 39500   0.0788 105.0937 0004615   7.0008 164.5484  1.00272518 45511
TDRS 12                 
1 39504U 14004A   26173.80776721 -.00000271  00000+0  00000+0 0  9996
2 39504   3.9831  19.2022 0003082 191.2662 310.1945  1.00265478 44333
ABS-2                   
1 39508U 14006A   26173.83072896 -.00000083  00000+0  00000+0 0  9998
2 39508   0.0150 353.8357 0003932  82.6921 208.4494  1.00271826 45335
ATHENA-FIDUS            
1 39509U 14006B   26173.82337547  .00000157  00000+0  00000+0 0  9996
2 39509   0.0427  96.3469 0001435 353.1601 155.6993  1.00271877 45145
TURKSAT 4A              
1 39522U 14007A   26173.82424215  .00000149  00000+0  00000+0 0  9992
2 39522   0.0606 290.5335 0000791  13.5180 305.6664  1.00270156 45020
EXPRESS-AT1             
1 39612U 14010A   26173.88382692  .00000021  00000+0  00000+0 0  9993
2 39612   0.2734  85.6327 0003988  43.1430 163.4532  1.00305001 44870
EXPRESS-AT2             
1 39613U 14010B   26173.39915674  .00000080  00000+0  00000+0 0  9997
2 39613   0.0180 323.6518 0000625 338.4189 168.2101  1.00270913 44550
AMAZONAS 4A             
1 39616U 14011A   26173.80109385 -.00000249  00000+0  00000+0 0  9999
2 39616   0.0552 171.6569 0004093 301.3584  12.3570  1.00272340 44773
ASTRA 5B                
1 39617U 14011B   26173.82051546  .00000140  00000+0  00000+0 0  9996
2 39617   0.0588 316.8259 0002128 114.1470 158.8818  1.00270350 44728
IRNSS-1B                
1 39635U 14017A   26173.75560031  .00000117  00000+0  00000+0 0  9992
2 39635  28.9065 240.3095 0023496 164.9008 193.0039  1.00268591 44840
LUCH-5V                 
1 39727U 14023A   26173.84648627 -.00000268  00000+0  00000+0 0  9997
2 39727   5.1476  69.6938 0002131  46.3792 194.4297  1.00272778 44415
KAZSAT-3                
1 39728U 14023B   26173.22128104  .00000062  00000+0  00000+0 0  9994
2 39728   0.0093   7.7138 0000317  96.8841 303.9700  1.00272161 42509
EUTELSAT 3B             
1 39773U 14030A   26173.53126358  .00000022  00000+0  00000+0 0  9991
2 39773   0.0717  28.0704 0004195  60.4886  16.4887  1.00272689 44128
ASIASAT 8 (AMOS-7)      
1 40107U 14046A   26173.88948436 -.00000330  00000+0  00000+0 0  9991
2 40107   0.0326  76.3611 0001546  18.7139 241.5165  1.00271701102202
ASIASAT 6               
1 40141U 14052A   26174.02961571 -.00000358  00000+0  00000+0 0  9998
2 40141   0.0498 266.7500 0000850 198.1959 296.8248  1.00269438 43137
OPTUS 10                
1 40146U 14054A   26173.78308448 -.00000144  00000+0  00000+0 0  9998
2 40146   0.1213 349.7882 0002047 101.0192 258.0767  1.00271021 43086
MEASAT-3B               
1 40147U 14054B   26173.83406225 -.00000239  00000+0  00000+0 0  9992
2 40147   0.0356  37.7015 0003085  28.5059 236.5832  1.00271504 42960
HIMAWARI-8              
1 40267U 14060A   26173.62991703 -.00000273  00000+0  00000+0 0  9997
2 40267   0.0252  63.1705 0001293  33.7058 181.3553  1.00270322 42811
IRNSS-1C                
1 40269U 14061A   26173.83228897 -.00000160  00000+0  00000+0 0  9995
2 40269   6.5315  88.8241 0022641   3.1186 201.6080  1.00268436 42742
INTELSAT 30 (IS-30)     
1 40271U 14062A   26173.33519611 -.00000149  00000+0  00000+0 0  9998
2 40271   0.0240  51.2416 0001380 336.6530 268.2429  1.00270175  6843
ARSAT 1                 
1 40272U 14062B   26173.80170052 -.00000257  00000+0  00000+0 0  9993
2 40272   0.0144  22.5183 0001969  59.6139  45.6523  1.00271970 42687
EUTELSAT 53A            
1 40277U 14064A   26174.18284417  .00000102  00000+0  00000+0 0  9991
2 40277   0.0124 298.0344 0001062 235.4024 216.7389  1.00271710 41626
GSAT-16                 
1 40332U 14078A   26173.47039563  .00000087  00000+0  00000+0 0  9991
2 40332   0.0512  89.4509 0007891 358.8828  46.7095  1.00271186 42164
DIRECTV 14              
1 40333U 14078B   26173.34002118 -.00000124  00000+0  00000+0 0  9997
2 40333   0.0158  38.8673 0000089 275.9251 338.8897  1.00270780 42098
YAMAL 401               
1 40345U 14082A   26174.11885402  .00000000  00000+0  00000+0 0  9998
2 40345   0.0119   8.8146 0000825 118.8752 276.3530  1.00271623 41972
ASTRA 2G                
1 40364U 14089A   26173.82146881  .00000153  00000+0  00000+0 0  9993
2 40364   0.0479  13.5765 0004805  56.2084 165.1086  1.00271073 42024
FENGYUN 2G              
1 40367U 14090A   26173.76430670 -.00000302  00000+0  00000+0 0  9990
2 40367   5.6540  72.7533 0003633 154.7376  58.2738  1.00270194 42055
MUOS-3                  
1 40374U 15002A   26173.81262056 -.00000128  00000+0  00000+0 0  9995
2 40374   4.5310  43.5437 0052333 177.8685 326.6792  1.00271155 41649
INMARSAT 5-F2           
1 40384U 15005A   26173.44854229 -.00000284  00000+0  00000+0 0  9990
2 40384   0.0181  17.3664 0000354 305.6806  54.0478  1.00271921 41048
ABS-3A                  
1 40424U 15010A   26173.60137881  .00000000  00000+0  00000+0 0  9992
2 40424   0.0398  52.4999 0002119 349.1577  82.6144  1.00272689 41435
EUTELSAT 115 WEST B     
1 40425U 15010B   26173.65054380 -.00000022  00000+0  00000+0 0  9995
2 40425   0.0110 154.0559 0000131  19.3603 216.7060  1.00269951 41443
EXPRESS-AM7             
1 40505U 15012A   26173.46740872  .00000152  00000+0  00000+0 0  9996
2 40505   0.0257  72.4010 0003164  24.8455  21.6540  1.00273802 41068
BEIDOU-3S IGSO-1S       
1 40549U 15019A   26170.99557403 -.00000176  00000+0  00000+0 0  9999
2 40549  49.1899 295.4270 0038863 191.0750 231.2891  1.00249609 41107
THOR 7                  
1 40613U 15022A   26173.81574878 -.00000005  00000+0  00000+0 0  9995
2 40613   0.0033  39.5645 0002519  46.3586 118.0807  1.00270713 40878
TURKMENALEM52E/MONACOSAT
1 40617U 15023A   26173.82623549  .00000107  00000+0  00000+0 0  9993
2 40617   0.0150  42.1816 0002945  46.8409 171.4436  1.00274320 40907
DIRECTV 15              
1 40663U 15026A   26173.65297047 -.00000100  00000+0  00000+0 0  9992
2 40663   0.0140  54.0679 0000404 352.0797 356.8808  1.00273648 40517
SKY MEXICO-1            
1 40664U 15026B   26173.51514351 -.00000232  00000+0  00000+0 0  9994
2 40664   0.0139 300.7771 0002322 167.3840 269.1867  1.00271477 40505
METEOSAT-11 (MSG-4)     
1 40732U 15034A   26173.81782880  .00000064  00000+0  00000+0 0  9998
2 40732   3.2147  71.0728 0002326 346.9573 156.9016  1.00264819  7275
STAR ONE C4             
1 40733U 15034B   26173.51687685 -.00000263  00000+0  00000+0 0  9995
2 40733   0.0242  17.5419 0002099  43.2062 326.0363  1.00271883 40064
WGS F7 (USA 263)        
1 40746U 15036A   26173.20892809  .00000000  00000+0  00000+0 0  9991
2 40746   0.0385  51.7671 0000396 142.8883 325.9233  1.00272269 39927
INTELSAT 34 (IS-34)     
1 40874U 15039A   26173.44845562 -.00000284  00000+0  00000+0 0  9991
2 40874   0.0095 339.1215 0000761  16.8958  20.5645  1.00269300 39683
EUTELSAT 8 WEST B       
1 40875U 15039B   26173.74306119 -.00000063  00000+0  00000+0 0  9990
2 40875   0.0623 358.0250 0003814  90.6909  81.7088  1.00271568 39711
GSAT-6                  
1 40880U 15041A   26173.83228897 -.00000158  00000+0  00000+0 0  9990
2 40880   1.9332  82.5248 0003196   2.7550 207.8932  1.00271290 39653
INMARSAT 5-F3           
1 40882U 15042A   26173.16086434  .00000051  00000+0  00000+0 0  9999
2 40882   0.0182  20.0285 0000278  58.3485  69.4908  1.00270322 39625
MUOS-4                  
1 40887U 15044A   26173.82332848 -.00000092  00000+0  00000+0 0  9998
2 40887   4.3409  42.2880 0057887   2.6121 237.4749  1.00271955 39615
TJS-1                   
1 40892U 15046A   26173.87058722 -.00000153  00000+0  00000+0 0  9995
2 40892   0.3389  84.9345 0005771   2.5590 292.0060  1.00270890 39628
EXPRESS-AM8             
1 40895U 15048A   26174.16958409 -.00000107  00000+0  00000+0 0  9993
2 40895   0.0145 295.0968 0001400  92.6734 290.6275  1.00269758 39408
BEIDOU-3S IGSO-2S       
1 40938U 15053A   26173.69295861 -.00000147  00000+0  00000+0 0  9994
2 40938  49.2111 258.7154 0065561 192.5613 163.9249  1.00258354 39404
SKY MUSTER 1 (NBN1A)    
1 40940U 15054A   26172.91691769 -.00000278  00000+0  00000+0 0  9994
2 40940   0.0193 333.4639 0001847 107.6467 299.3314  1.00272700 39309
ARSAT 2                 
1 40941U 15054B   26173.51471017 -.00000223  00000+0  00000+0 0  9994
2 40941   0.0166  33.4007 0002028  46.1279 295.4577  1.00272242 39350
MORELOS 3               
1 40946U 15056A   26173.72217763 -.00000042  00000+0  00000+0 0  9999
2 40946   3.1913  15.2086 0000881   3.6999  38.8735  1.00271342 39340
APSTAR-9                
1 40982U 15059A   26174.25627454 -.00000262  00000+0  00000+0 0  9997
2 40982   0.0395 296.6272 0002753 242.7536 326.2985  1.00270027 39187
TURKSAT 4B              
1 40984U 15060A   26173.82580215  .00000118  00000+0  00000+0 0  9995
2 40984   0.0184  14.1780 0002407  73.3306 170.7289  1.00270405 39157
ZHONGXING-2C            
1 41021U 15063A   26173.87040543 -.00000320  00000+0  00000+0 0  9997
2 41021   0.2896  89.5170 0007797  97.6616 140.6299  1.00268533 39034
GSAT-15                 
1 41028U 15065A   26173.83440891 -.00000255  00000+0  00000+0 0  9999
2 41028   0.0556 263.8487 0004487 169.5451 231.5259  1.00272139 38851
BADR-7 (ARABSAT-6B)     
1 41029U 15065B   26173.82103547  .00000148  00000+0  00000+0 0  9993
2 41029   0.0408 218.4951 0003787 339.8996  34.1450  1.00270875 38820
LAOSAT 1                
1 41034U 15067A   26173.84134227 -.00000339  00000+0  00000+0 0  9995
2 41034   0.0460 135.3789 0002626 267.7280 299.2916  1.00274193 38914
TELSTAR 12V             
1 41036U 15068A   26173.74167451 -.00000116  00000+0  00000+0 0  9995
2 41036   0.0206  66.3388 0002403  19.6218  76.9566  1.00271432 38688
ELEKTRO-L 2             
1 41105U 15074A   26174.02267148 -.00000118  00000+0  00000+0 0  9997
2 41105   6.7089  70.4550 0000787 274.2158 280.1524  1.00271043 38567
COSMOS 2513             
1 41121U 15075A   26174.18821752 -.00000134  00000+0  00000+0 0  9998
2 41121   0.0749 100.4144 0003397 334.6047 344.3472  1.00271330 38605
EXPRESS-AMU1            
1 41191U 15082A   26173.82302881  .00000000  00000+0  00000+0 0  9991
2 41191   0.0226  14.3285 0002980  78.9459 150.1042  1.00269189 38327
GAOFEN-4                
1 41194U 15083A   26173.88948447 -.00000331  00000+0  00000+0 0  9993
2 41194   0.3736  83.8740 0004117 117.1553 135.9517  1.00272229 38586
BELINTERSAT-1           
1 41238U 16001A   26173.82606215  .00000110  00000+0  00000+0 0  9995
2 41238   0.0138 263.5012 0002155 145.4273 210.9628  1.00275006 38291
IRNSS-1E                
1 41241U 16003A   26169.73041566 -.00000318  00000+0  00000+0 0  9999
2 41241  33.2372  59.7280 0018940 178.9729  42.9724  1.00277463 38098
EUTELSAT 9B             
1 41310U 16005A   26173.60380549  .00000064  00000+0  00000+0 0  9993
2 41310   0.0942  77.5965 0001751 339.8665  79.6768  1.00273852 38179
SES-9                   
1 41380U 16013A   26173.40935726 -.00000343  00000+0  00000+0 0  9991
2 41380   0.0113 336.0741 0002161 110.9619  79.2203  1.00273816 37498
EUTELSAT 65 WEST A      
1 41382U 16014A   26173.73162434 -.00000273  00000+0  00000+0 0  9990
2 41382   0.0481 344.4872 0002587 103.1851  21.4205  1.00272878 37588
IRNSS-1F                
1 41384U 16015A   26173.82233547  .00000159  00000+0  00000+0 0  9999
2 41384   5.3627  96.6544 0017437 184.7045 318.0901  1.00270341 37729
BEIDOU-2 IGSO-6         
1 41434U 16021A   26172.09504345 -.00000159  00000+0  00000+0 0  9998
2 41434  60.2315  37.9988 0057439 231.3221 126.8353  1.00259258 37517
IRNSS-1G                
1 41469U 16027A   26173.85123115 -.00000335  00000+0  00000+0 0  9995
2 41469   5.2104  97.3452 0008021   0.5275 248.8474  1.00256861 37239
JCSAT-2B                
1 41471U 16028A   26173.78308448 -.00000163  00000+0  00000+0 0  9994
2 41471   0.0180  20.4012 0001044  67.2948 259.1650  1.00270592 37185
THAICOM 8               
1 41552U 16031A   26173.79766740 -.00000118  00000+0  00000+0 0  9992
2 41552   0.0645  42.7886 0003752  19.6374 214.1899  1.00272163 36775
INTELSAT 31 (IS-31)     
1 41581U 16035A   26173.58322748 -.00000148  00000+0  00000+0 0  9994
2 41581   0.0236 260.1704 0000820  15.5303 109.9753  1.00270347 36736
BEIDOU-2 G7             
1 41586U 16037A   26173.90278832 -.00000351  00000+0  00000+0 0  9997
2 41586   1.7351  69.3831 0006631 358.8787 278.3478  1.00273887  6949
ABS-2A (MONGOLSAT-1)    
1 41588U 16038A   26173.11778170 -.00000083  00000+0  00000+0 0  9995
2 41588   0.0184  12.0080 0002249   7.2675   8.1712  1.00268717 36758
EUTELSAT 117 WEST B     
1 41589U 16038B   26173.57889412 -.00000009  00000+0  00000+0 0  9996
2 41589   0.0081 158.7627 0000217 329.7769 233.6314  1.00271359 36714
BRISAT                  
1 41591U 16039A   26173.78308448  .00000000  00000+0  00000+0 0  9998
2 41591   0.0209 338.1863 0002112 110.9852 254.1919  1.00268992 36666
ECHOSTAR 18             
1 41592U 16039B   26173.80378052 -.00000279  00000+0  00000+0 0  9999
2 41592   0.0180  12.0621 0001613  77.9564  48.9388  1.00271916 36683
MUOS-5                  
1 41622U 16041A   26173.72330431 -.00000145  00000+0  00000+0 0  9998
2 41622   2.1906 301.7797 0197726 260.6966 223.6086  1.00272920 37141
TIANTONG-1 1            
1 41725U 16048A   26173.69295861 -.00000317  00000+0  00000+0 0  9993
2 41725   3.8605  43.4737 0005750  46.1070 172.1789  1.00272735 36322
JCSAT-16                
1 41729U 16050A   26173.84437562 -.00000248  00000+0  00000+0 0  9996
2 41729   0.0179  18.1922 0001115  80.8326 259.9132  1.00271024 36120
USA 270                 
1 41744U 16052A   26170.64105860 -.00000195  00000+0  00000+0 0  9994
2 41744   4.2028  77.1719 0000455 171.4902  57.9144  0.99500819 28155
USA 271                 
1 41745U 16052B   26170.77261227 -.00000312  00000+0  00000+0 0  9990
2 41745   4.1758  77.2193 0002168 292.3947 288.6623  0.99836227 27943
INTELSAT 36 (IS-36)     
1 41747U 16053A   26173.23516881 -.00000023  00000+0  00000+0 0  9995
2 41747   0.0098 357.6893 0002440 342.8071  83.0934  1.00269608 36006
INSAT-3DR               
1 41752U 16054A   26173.83055562 -.00000074  00000+0  00000+0 0  9998
2 41752   0.1207  86.3121 0010237 187.6813   9.9780  1.00272694 35876
GSAT-18                 
1 41793U 16060A   26173.83055562 -.00000074  00000+0  00000+0 0  9990
2 41793   0.0727  94.8615 0005694 341.0104 208.1045  1.00271780 35589
SKY MUSTER 2 (NBN1B)    
1 41794U 16060B   26173.63069704 -.00000242  00000+0  00000+0 0  9999
2 41794   0.0197 332.8945 0001631 111.4673 198.3019  1.00272318 35577
HIMAWARI-9              
1 41836U 16064A   26173.84376895  .00000000  00000+0  00000+0 0  9996
2 41836   0.0171  11.1208 0001113  97.5317 246.8918  1.00269803 35267
SHIJIAN-17 (SJ-17)      
1 41838U 16065A   26171.45724087  .00000087  00000+0  00000+0 0  9999
2 41838   5.7621  72.5678 0001949  27.4113 204.1763  0.99855834 35230
GOES 16                 
1 41866U 16071A   26173.65262381 -.00000088  00000+0  00000+0 0  9997
2 41866   0.3560  85.5439 0000418 351.0410 324.4927  1.00271761 35152
TIANLIAN 1-04           
1 41869U 16072A   26173.77956010  .00000033  00000+0  00000+0 0  9992
2 41869   0.8824  82.8848 0042680  90.2159 195.2628  1.00272265 35350
WGS F8 (USA 272)        
1 41879U 16075A   26173.27490233 -.00000201  00000+0  00000+0 0  9999
2 41879   0.0134  90.3352 0000251 265.8910 163.0110  1.00272593 34873
FENGYUN 4A              
1 41882U 16077A   26173.84038894 -.00000355  00000+0  00000+0 0  9999
2 41882   2.3381  80.2311 0008446 153.2134 103.7823  1.00265950 34984
ECHOSTAR 19             
1 41893U 16079A   26173.33731444 -.00000137  00000+0  00000+0 0  9996
2 41893   0.0178  25.5495 0001427  69.5024 199.7989  1.00271395 34752
JCSAT-110A (JCSAT-15)   
1 41903U 16082A   26173.80585161 -.00000348  00000+0  00000+0 0  9991
2 41903   0.0195  10.2786 0000659  83.9566 216.9147  1.00271410 34817
STAR ONE D1             
1 41904U 16082B   26173.30802619 -.00000209  00000+0  00000+0 0  9993
2 41904   0.0138  77.2415 0002439  36.8349 183.2908  1.00270093 34829
TJS-2                   
1 41911U 17001A   26173.83406485 -.00000003  00000+0  00000+0 0  9994
2 41911   0.8487  85.2673 0000560  46.9466 145.5931  1.00271252 34771
SBIRS GEO-4 (USA 273)   
1 41937U 17004A   26173.53482057  .00000124  00000+0  00000+0 0  9994
2 41937   2.2538  43.4460 0002232  38.9187  41.7773  1.00272415 34651
HISPASAT 36W-1          
1 41942U 17006A   26173.30973145 -.00000243  00000+0  00000+0 0  9993
2 41942   0.0378 190.7448 0000923 256.7794 258.4726  1.00272447 34296
TELKOM 3S               
1 41944U 17007A   26173.83926227  .00000000  00000+0  00000+0 0  9993
2 41944   0.0199  18.2660 0002548  79.1300 233.7629  1.00268272 34192
INTELSAT 32E (IS-32E)   
1 41945U 17007B   26172.93447622  .00000000  00000+0  00000+0 0  9991
2 41945   0.0211   3.6355 0000766 330.8020 228.9274  1.00272319 34271
ECHOSTAR 23             
1 42070U 17014A   26173.40608542 -.00000056  00000+0  00000+0 0  9994
2 42070   0.0186   8.4339 0002159  81.7794 216.6611  1.00271838 33975
WGS F9 (USA 275)        
1 42075U 17016A   26173.24322311 -.00000095  00000+0  00000+0 0  9993
2 42075   0.0194 341.1507 0000311  45.5485 319.2746  1.00273112 33949
SES-10                  
1 42432U 17017A   26173.30685627 -.00000271  00000+0  00000+0 0  9996
2 42432   0.0191  36.6541 0002841  62.3248 215.0866  1.00271127 33806
CHINASAT 16 (SJ-13)     
1 42662U 17018A   26173.62392071 -.00000348  00000+0  00000+0 0  9990
2 42662   0.1007  89.9020 0005496 123.2665  32.7406  1.00245311 33800
KOREASAT 7              
1 42691U 17023A   26173.82737601 -.00000359  00000+0  00000+0 0  9994
2 42691   0.0180 355.6438 0000615  63.5473 265.5763  1.00272232 33422
SGDC                    
1 42692U 17023B   26173.45622333 -.00000248  00000+0  00000+0 0  9996
2 42692   0.0119  39.2808 0002653  55.9031 264.8375  1.00272724 33461
GSAT-9                  
1 42695U 17024A   26173.87108400 -.00000282  00000+0  00000+0 0  9998
2 42695   0.0245  79.9656 0002484   8.0753 233.8543  1.00266840 33351
INMARSAT 5-F4           
1 42698U 17025A   26173.39924340  .00000077  00000+0  00000+0 0  9999
2 42698   0.0187  21.1629 0000754 355.2412  94.3934  1.00270084 33332
SES-15                  
1 42709U 17026A   26173.68239051  .00000063  00000+0  00000+0 0  9998
2 42709   0.0192 340.0002 0000551  92.8328 314.5146  1.00269052  7486
QZS-2 (MICHIBIKI-2)     
1 42738U 17028A   26172.51086578 -.00000184  00000+0  00000+0 0  9992
2 42738  39.4210 243.0913 0758976 269.3162  83.0804  1.00282746  7671
VIASAT-2                
1 42740U 17029A   26173.37428329 -.00000264  00000+0  00000+0 0  9994
2 42740   0.0167 299.1530 0000309 109.5904 286.6645  1.00272090 33253
EUTELSAT 172B           
1 42741U 17029B   26173.63607039 -.00000003  00000+0  00000+0 0  9992
2 42741   0.0409 161.5743 0000129 258.3509 251.8833  1.00270969 33790
GSAT-19                 
1 42747U 17031A   26173.75412697  .00000128  00000+0  00000+0 0  9995
2 42747   0.0233 270.8596 0007064 163.1185 156.2944  1.00270047 33203
ECHOSTAR 21             
1 42749U 17032A   26173.82336654  .00000067  00000+0  00000+0 0  9996
2 42749   1.7704 356.1208 0002375  98.4921 123.0576  1.00272575 33157
BULGARIASAT-1           
1 42801U 17038A   26173.60241881  .00000014  00000+0  00000+0 0  9996
2 42801   0.0219  70.5325 0003428  32.3912  26.6194  1.00273870 32908
HELLAS-SAT 3            
1 42814U 17040A   26173.82363547  .00000155  00000+0  00000+0 0  9997
2 42814   0.0612  56.1184 0004802   1.9931 188.4018  1.00274755 32862
GSAT-17                 
1 42815U 17040B   26173.69183119 -.00000255  00000+0  00000+0 0  9990
2 42815   0.0197  78.3644 0001632 222.2153 312.8288  1.00272227 32842
INTELSAT 35E (IS-35E)   
1 42818U 17041A   26173.80906721 -.00000235  00000+0  00000+0 0  9997
2 42818   0.0190 330.6450 0002157 120.2799  76.8328  1.00272175 32870
COSMOS 2520             
1 42907U 17046A   26173.53967391  .00000139  00000+0  00000+0 0  9993
2 42907   0.0442  96.2036 0000779  74.8601 338.9459  1.00273541 32457
TDRS 13                 
1 42915U 17047A   26173.74236785 -.00000099  00000+0  00000+0 0  9998
2 42915   3.4530   2.8922 0014826 106.5507  57.2930  1.00272298 32402
QZS-3 (MICHIBIKI-3)     
1 42917U 17048A   26173.84108227 -.00000344  00000+0  00000+0 0  9994
2 42917   0.0604 155.9950 0002112 291.4222 253.4195  1.00273784 32317
AMAZONAS 5              
1 42934U 17053A   26173.58990084 -.00000280  00000+0  00000+0 0  9999
2 42934   0.0302 328.9200 0001925  76.8418  16.3662  1.00270624 32094
ASIASAT 9               
1 42942U 17057A   26173.84004227  .00000000  00000+0  00000+0 0  9995
2 42942   0.0419  50.9591 0002546  29.2929 255.3366  1.00264399 31914
INTELSAT 37E (IS-37E)   
1 42950U 17059A   26173.74106785 -.00000138  00000+0  00000+0 0  9990
2 42950   0.0004  70.8560 0002890  45.2826  43.5588  1.00270644 32123
BSAT-4A                 
1 42951U 17059B   26173.80503645 -.00000347  00000+0  00000+0 0  9996
2 42951   0.0336   3.6374 0004142  66.4630 240.5182  1.00273001 31857
QZS-4 (MICHIBIKI-4)     
1 42965U 17062A   26169.35012920 -.00000360  00000+0  00000+0 0  9996
2 42965  40.1070 343.4662 0745018 271.8091 274.2172  1.00250086 31811
SES-11 (ECHOSTAR 105)   
1 42967U 17063A   26173.65253714 -.00000087  00000+0  00000+0 0  9991
2 42967   0.0174  18.8692 0002912  58.8833 323.0306  1.00271436 31774
KOREASAT 5A             
1 42984U 17067A   26173.85521108 -.00000355  00000+0  00000+0 0  9999
2 42984   0.0094 333.8844 0000711 102.8040 255.3753  1.00272385 31584
ALCOMSAT 1              
1 43039U 17078A   26173.73968118 -.00000183  00000+0  00000+0 0  9995
2 43039   0.0136 284.5614 0002460 160.0498  67.7819  1.00272279 31351
SBIRS GEO-3 (USA 282)   
1 43162U 18009A   26173.78432679  .00000130  00000+0  00000+0 0  9991
2 43162   2.1883  12.4012 0002127  70.4518 311.0581  1.00272361 30900
AL YAH 3                
1 43174U 18012A   26173.81192722 -.00000153  00000+0  00000+0 0  9990
2 43174   1.5672  83.0514 0004013   6.0766  94.0327  1.00272253 30905
SES-14                  
1 43175U 18012B   26173.80646720 -.00000275  00000+0  00000+0 0  9997
2 43175   0.0182  30.4898 0001070  55.4943  67.8200  1.00270921  7083
GOES 17                 
1 43226U 18022A   26173.65557049 -.00000180  00000+0  00000+0 0  9998
2 43226   0.9514  85.6088 0000495  16.4454 315.2567  1.00273217 30471
HISPASAT 30W-6          
1 43228U 18023A   26173.73872784 -.00000214  00000+0  00000+0 0  9994
2 43228   0.0467  46.2355 0005849  28.7594  71.8458  1.00270400 30464
SUPERBIRD-B3            
1 43271U 18033A   26173.77752958 -.00000089  00000+0  00000+0 0  9997
2 43271   0.0192 301.0290 0001329 162.3569 249.4758  1.00271068 30112
HYLAS 4                 
1 43272U 18033B   26173.45278898 -.00000232  00000+0  00000+0 0  9999
2 43272   0.0186  18.1122 0001088  59.4323 322.5653  1.00268693 30119
IRNSS-1I                
1 43286U 18035A   26166.83981681  .00000062  00000+0  00000+0 0  9991
2 43286  28.7520  74.2167 0017811 181.5598   5.5147  1.00272046 30064
USA 283                 
1 43339U 18036A   26170.53794801  .00000000  00000+0  00000+0 0  9991
2 43339   0.0091  53.6723 0000086  77.7836 104.0737  1.00268506 25313
COSMOS 2526             
1 43432U 18037A   26174.05511883 -.00000341  00000+0  00000+0 0  9993
2 43432   0.0283  75.6966 0000533 157.9134 185.5262  1.00270326 30015
APSTAR-6C               
1 43450U 18041A   26174.01850051 -.00000314  00000+0  00000+0 0  9997
2 43450   0.0245 335.6508 0000839  26.5476  49.6657  1.00273186 29869
BANGABANDHUSAT-1        
1 43463U 18044A   26173.05531372 -.00000362  00000+0  00000+0 0  9992
2 43463   0.0397  93.4106 0001974   6.7391 309.1046  1.00272646 29755
SES-12                  
1 43488U 18049A   26173.42822541 -.00000268  00000+0  00000+0 0  9991
2 43488   0.0138  15.1769 0000639 274.3741 230.2117  1.00271609 29470
FENGYUN 2H              
1 43491U 18050A   26173.83159563 -.00000127  00000+0  00000+0 0  9993
2 43491   3.0469  79.0159 0001730 133.1415  77.5871  1.00269443 29493
BEIDOU-2 IGSO-7         
1 43539U 18057A   26172.91033100 -.00000017  00000+0  00000+0 0  9997
2 43539  55.1965 163.0153 0104952 238.0014 306.3526  1.00249439 29171
TELSTAR 19V             
1 43562U 18059A   26173.80343385 -.00000277  00000+0  00000+0 0  9991
2 43562   0.0161 171.1236 0002740 295.2980  30.7926  1.00272731 29202
TELKOM 4 (MERAH PUTIH)  
1 43587U 18064A   26173.82419841  .00000000  00000+0  00000+0 0  9990
2 43587   0.0209  24.5445 0001753  95.7328 195.4381  1.00268806 28938
TELSTAR 18V             
1 43611U 18069A   26173.27295760 -.00000292  00000+0  00000+0 0  9998
2 43611   0.0201 290.5487 0001814 153.4973  62.6711  1.00274917 28690
AZERSPACE 2 (IS-38)     
1 43632U 18074A   26173.82484882  .00000000  00000+0  00000+0 0  9999
2 43632   0.0223   3.6107 0001597  88.0745 161.3720  1.00270485 28500
HORIZONS-3E             
1 43633U 18074B   26172.85130581 -.00000029  00000+0  00000+0 0  9998
2 43633   0.0194 176.7629 0000473  78.6152 130.1421  1.00278734 28381
AEHF-4 (USA 288)        
1 43651U 18079A   26173.80256719 -.00000273  00000+0  00000+0 0  9992
2 43651   1.4337   4.4857 0060274 355.9859 131.9157  1.00271189 28354
BEIDOU-3 G1             
1 43683U 18085A   26173.77626676 -.00000107  00000+0  00000+0 0  9999
2 43683   2.8837  97.2197 0008253 350.4877 262.6345  1.00270533 28112
GSAT-29                 
1 43698U 18089A   26173.81613781  .00000089  00000+0  00000+0 0  9995
2 43698   0.0921 263.8167 0003711 164.6871 191.3530  1.00268865 27841
ES'HAIL 2               
1 43700U 18090A   26173.82103547  .00000147  00000+0  00000+0 0  9991
2 43700   0.0147 298.5974 0001997 189.9310 103.8271  1.00272503 27730
GEO-KOMPSAT-2A          
1 43823U 18100A   26173.84134227 -.00000340  00000+0  00000+0 0  9996
2 43823   0.0486 143.7590 0002300 305.7160 252.6871  1.00271381 27683
GSAT-11                 
1 43824U 18100B   26173.33157155 -.00000076  00000+0  00000+0 0  9992
2 43824   0.0442 256.1727 0007924 193.4316  14.2812  1.00272709 27535
GSAT-7A                 
1 43864U 18105A   26173.88382646  .00000030  00000+0  00000+0 0  9995
2 43864   0.0364 102.2763 0002152 328.1588 221.5622  1.00273009 27502
COSMOS 2533             
1 43867U 18107A   26173.82977562 -.00000036  00000+0  00000+0 0  9998
2 43867   0.0450 100.3335 0000469 342.6861 196.6977  1.00273531 27504
TJS-3                   
1 43874U 18110A   26174.75839412 -.00000212  00000+0  00000+0 0  9990
2 43874   2.5623  80.4211 0002415  76.3458 176.3913  1.00269723 27488
ZHONGXING-2D            
1 43920U 19001A   26173.84168895 -.00000334  00000+0  00000+0 0  9996
2 43920   0.0177 235.1232 0001072 114.6146 354.2782  1.00268098 54134
HELLAS-SAT 4 & SGS-1    
1 44034U 19007A   26173.53846058  .00000155  00000+0  00000+0 0  9999
2 44034   0.0750 126.4951 0005214  13.7356   3.3354  1.00270544 27420
GSAT-31                 
1 44035U 19007B   26173.75412697  .00000128  00000+0  00000+0 0  9992
2 44035   0.0518 254.7603 0001153 117.7720 217.7611  1.00271629 27028
NUSANTARA SATU          
1 44048U 19009A   26173.77349341 -.00000232  00000+0  00000+0 0  9992
2 44048   0.0422 140.5511 0004577 336.2500 218.6063  1.00270248 26827
ZHONGXING-6C            
1 44067U 19012A   26173.84168895 -.00000332  00000+0  00000+0 0  9999
2 44067   0.0876  75.5556 0014157 335.0088 293.8715  1.00271414 26791
WGS 10 (USA 291)        
1 44071U 19014A   26173.22128104  .00000048  00000+0  00000+0 0  9990
2 44071   0.0191  27.0417 0000450 354.2013  29.1350  1.00272331 26666
TIANLIAN 2-01           
1 44076U 19017A   26173.79766740 -.00000104  00000+0  00000+0 0  9998
2 44076   0.5553  83.1413 0001037  33.7266 158.2704  1.00271561 26704
ARABSAT-6A              
1 44186U 19021A   26173.82190214  .00000157  00000+0  00000+0 0  9993
2 44186   0.0476   4.9237 0000855 351.2394 241.2327  1.00275709 26215
BEIDOU-3 IGSO-1         
1 44204U 19023A   26171.54826712 -.00000229  00000+0  00000+0 0  9993
2 44204  58.6998  37.6136 0025616 225.5297 321.1703  1.00290704  7242
BEIDOU-2 G8             
1 44231U 19027A   26173.84454896 -.00000245  00000+0  00000+0 0  9990
2 44231   1.6736  74.5271 0010093 283.1436   1.8998  1.00269442 26130
YAMAL 601               
1 44307U 19031A   26173.82562882  .00000123  00000+0  00000+0 0  9996
2 44307   0.0190  71.2269 0002639  19.2857 166.7110  1.00271837 25984
AT&T T-16               
1 44333U 19034A   26173.65331714 -.00000112  00000+0  00000+0 0  9996
2 44333   0.0184  63.5408 0000536 240.0115 101.6148  1.00269154 25685
EUTELSAT 7C             
1 44334U 19034B   26173.31822483  .00000049  00000+0  00000+0 0  9996
2 44334   0.0724 179.0330 0003354 248.4752 324.5608  1.00268707  6884
BEIDOU-3 IGSO-2         
1 44337U 19035A   26172.36139090 -.00000077  00000+0  00000+0 0  9991
2 44337  55.2486 158.8257 0039299 216.3163 144.0827  1.00265382 25711
COSMOS 2539             
1 44457U 19048A   26173.60441215  .00000084  00000+0  00000+0 0  9998
2 44457   0.0382  93.3328 0000295  50.6018 356.4470  1.00275366 25289
EDRS-C                  
1 44475U 19049A   26173.88318372 -.00000259  00000+0  00000+0 0  9991
2 44475   0.0301 123.0726 0000959 335.0992 273.2864  1.00269706 25263
INTELSAT 39 (IS-39)     
1 44476U 19049B   26173.47169563  .00000035  00000+0  00000+0 0  9994
2 44476   0.0076 349.4901 0000934 354.6245 158.2934  1.00271710 25182
AMOS-17                 
1 44479U 19050A   26173.82336654  .00000112  00000+0  00000+0 0  9991
2 44479   0.0177 333.4017 0001869 144.2134 106.7905  1.00270501 25246
AEHF-5 (USA 292)        
1 44481U 19051A   26173.83139243 -.00000255  00000+0  00000+0 0  9990
2 44481   1.4485 336.6717 0066066 359.8702 326.8546  1.00272582 25318
EUTELSAT 5 WEST B       
1 44624U 19067A   26173.74366786 -.00000040  00000+0  00000+0 0  9992
2 44624   0.0619 357.2297 0003249  94.0191  82.3947  1.00270838 24496
MEV-1                   
1 44625U 19067B   26167.92963140 -.00000149  00000+0  00000+0 0  9993
2 44625   0.8740 268.9828 0002794 179.8034 307.2103  1.00269616 61744
TJS-4                   
1 44637U 19070A   26173.83355745 -.00000167  00000+0  00000+0 0  9993
2 44637   0.0330  85.1756 0004368 316.1475 253.2761  1.00273627 24596
TIBA-1                  
1 44800U 19080A   26173.82294214  .00000159  00000+0  00000+0 0  9998
2 44800   0.0500 353.8646 0002217 116.8490 132.0478  1.00274991 24115
INMARSAT GX5            
1 44801U 19080B   26173.81808880  .00000078  00000+0  00000+0 0  9998
2 44801   0.0375  16.3294 0002289  85.3995 114.7792  1.00270500  6843
JCSAT-18 (KACIFIC 1)    
1 44868U 19091A   26173.57614275 -.00000199  00000+0  00000+0 0  9994
2 44868   0.0381 210.8474 0000151  88.3986 328.9013  1.00271282 24060
ELEKTRO-L 3             
1 44903U 19095A   26173.83098896 -.00000093  00000+0  00000+0 0  9995
2 44903   0.2727  81.7715 0001154 354.7060 209.6423  1.00271779 23763
SHIJIAN-20 (SJ-20)      
1 44910U 19097A   26171.26850186  .00000130  00000+0  00000+0 0  9999
2 44910   4.9274  75.0271 0014829  52.9458 281.9613  1.00266805 23727
TJS-5                   
1 44978U 20002A   26172.55395016 -.00000343  00000+0  00000+0 0  9997
2 44978   0.0070  11.8722 0007602  36.2066 168.5853  1.00270465 23758
GSAT-30                 
1 45026U 20005A   26173.83138484 -.00000162  00000+0  00000+0 0  9990
2 45026   0.0132 283.9075 0003569 156.6493 212.7548  1.00272997 23568
EUTELSAT KONNECT        
1 45027U 20005B   26173.53221692  .00000051  00000+0  00000+0 0  9998
2 45027   0.0728  95.2400 0001361 133.0986 241.1664  1.00266783 24393
JCSAT-17                
1 45245U 20013A   26173.84281561 -.00000317  00000+0  00000+0 0  9990
2 45245   5.3919 356.9361 0002917  91.4986 262.0115  1.00272268 23288
GEO-KOMPSAT-2B          
1 45246U 20013B   26173.84134227 -.00000340  00000+0  00000+0 0  9993
2 45246   0.0426 181.6004 0000227  90.0884  70.4719  1.00271390 23337
BEIDOU-3 G2             
1 45344U 20017A   26173.83168229 -.00000139  00000+0  00000+0 0  9990
2 45344   2.8763  47.4549 0002248  34.6092 208.4333  1.00271807 23319
AEHF-6 (USA 298)        
1 45465U 20022B   26173.83318837 -.00000295  00000+0  00000+0 0  9995
2 45465   2.5351 301.2433 0042834  17.2199  30.2482  1.00269883 23076
BEIDOU-3 G3             
1 45807U 20040A   26172.05961120 -.00000357  00000+0  00000+0 0  9996
2 45807   2.4578  67.5071 0002605 323.9743   9.6886  1.00277648 22109
APSTAR-6D               
1 45863U 20045A   26171.77501203 -.00000321  00000+0  00000+0 0  9994
2 45863   0.0400  81.5114 0002379  28.9216 211.5914  1.00269199 21891
KOREASAT 116            
1 45920U 20048A   26173.82737609 -.00000359  00000+0  00000+0 0  9991
2 45920   0.0152 344.7855 0000993 113.9458 226.3334  1.00273668 21692
EXPRESS 103             
1 45985U 20053A   26173.76370003 -.00000278  00000+0  00000+0 0  9992
2 45985   0.0153 280.3548 0000946  54.9728 307.0406  1.00272167 21702
EXPRESS 80              
1 45986U 20053B   26173.02721729  .00000000  00000+0  00000+0 0  9999
2 45986   0.0235 325.0316 0001819 230.5346 164.4282  1.00270071 21688
BSAT-4B                 
1 46112U 20056A   26173.80499485  .00000000  00000+0  00000+0 0  9991
2 46112   0.0082 153.2294 0004492 325.4509 191.9275  1.00267955 21449
MEV-2                   
1 46113U 20056B   26173.38797669 -.00000009  00000+0  00000+0 0  9990
2 46113   0.0201 295.2216 0000172 192.5285 281.4846  1.00271869 80565
GALAXY 30 (G-30)        
1 46114U 20056C   26173.00698103  .00000037  00000+0  00000+0 0  9993
2 46114   0.0195  18.6690 0002324  70.4861  58.5611  1.00273596 21349
GAOFEN-13 01            
1 46610U 20071A   26173.83934894 -.00000360  00000+0  00000+0 0  9992
2 46610   0.5367  84.8388 0041358 123.4032 123.1071  1.00268119 20976
TIANTONG-1 2            
1 46916U 20082A   26173.84064894 -.00000353  00000+0  00000+0 0  9990
2 46916   0.7829 328.4090 0001595 108.4110 261.7474  1.00274396 20707
LUCAS (JDRS-1)          
1 47202U 20089A   26173.86623313 -.00000232  00000+0  00000+0 0  9991
2 47202   0.0433 276.3309 0002330 158.7715 238.5740  1.00272558 20471
SXM-7                   
1 47240U 20096A   26172.88794725 -.00000205  00000+0  00000+0 0  9998
2 47240   0.0313 107.5552 0003763  11.2145  25.8097  1.00271300  7499
CMS-01                  
1 47256U 20099A   26173.83138440 -.00000161  00000+0  00000+0 0  9991
2 47256   0.0265  97.0008 0003341 183.1830  13.1000  1.00270759 20253
TURKSAT 5A              
1 47306U 21001A   26173.82198881  .00000157  00000+0  00000+0 0  9999
2 47306   0.0192  64.1417 0000207 345.2141 188.4829  1.00271155 20022
TIANTONG-1 3            
1 47321U 21003A   26173.87881598 -.00000152  00000+0  00000+0 0  9993
2 47321   1.7512 339.7172 0003264 115.1273 214.0850  1.00269958 20015
TJS-6                   
1 47613U 21010A   26173.77999344  .00000046  00000+0  00000+0 0  9994
2 47613   0.2347 263.6506 0003098 223.8789 242.6866  1.00271364 19868
SBIRS GEO-5 (USA 315)   
1 48618U 21042A   26173.83965966 -.00000267  00000+0  00000+0 0  9991
2 48618   5.0955 329.1811 0001613 126.7631 211.1513  1.00271464 18823
FENGYUN 4B              
1 48808U 21047A   26173.89280840 -.00000327  00000+0  00000+0 0  9991
2 48808   0.1678  78.3230 0005904 277.4930 341.3692  1.00274528 18629
SXM-8                   
1 48838U 21049A   26173.37124993 -.00000204  00000+0  00000+0 0  9999
2 48838   0.0164   7.6730 0005019  27.0767 284.2986  1.00277975 18636
TIANLIAN 1-05           
1 49011U 21063A   26173.10634164  .00000108  00000+0  00000+0 0  9998
2 49011   1.6075  80.6755 0000672 347.7164 256.9865  1.00272841 18122
STAR ONE D2             
1 49055U 21069A   26173.80204719  .00000000  00000+0  00000+0 0  9999
2 49055   0.0172 334.2461 0002066 147.1940   8.1850  1.00269429 18002
EUTELSAT QUANTUM        
1 49056U 21069B   26173.82536882  .00000129  00000+0  00000+0 0  9993
2 49056   0.0239  48.5701 0002353  41.3647 165.9076  1.00273964 17984
ZHONGXING-2E            
1 49062U 21071A   26173.83536225 -.00000288  00000+0  00000+0 0  9992
2 49062   0.0344 150.5464 0001849 340.7868 178.4830  1.00272279 18096
TJS-7                   
1 49115U 21077A   26173.65357714 -.00000121  00000+0  00000+0 0  9997
2 49115   0.3399 264.9596 0003630 113.7545  27.8889  1.00275879  9601
CHINASAT 9B             
1 49125U 21080A   26173.87581683 -.00000309  00000+0  00000+0 0  9998
2 49125   0.0292 265.2600 0002225 208.1716 214.3186  1.00272692 17702
SHIJIAN-21 (SJ-21)      
1 49330U 21094A   26174.74964961 -.00000345  00000+0  00000+0 0  9992
2 49330   5.1290  61.1489 0049548 168.1496  80.4723  1.00268162  5423
SES-17                  
1 49332U 21095A   26173.80256719 -.00000269  00000+0  00000+0 0  9991
2 49332   0.0268  43.7639 0001078  43.9792  45.0560  1.00269685 17916
SYRACUSE 4A             
1 49333U 21095B   26172.89811094  .00000135  00000+0  00000+0 0  9994
2 49333   0.0179  15.1154 0001647  85.9513 177.8413  1.00271605 17996
QZS-1R (MICHIBIKI-1R)   
1 49336U 21096A   26173.62668947 -.00000307  00000+0  00000+0 0  9999
2 49336  37.4731  79.5013 0755169 271.9072 278.6258  1.00254128 17063
ZHONGXING-1D            
1 49505U 21114A   26173.84168895 -.00000333  00000+0  00000+0 0  9998
2 49505   0.0314 142.6745 0000271  87.8557 113.6540  1.00273840 16879
STPSAT-6                
1 49817U 21118A   26173.65123713 -.00000043  00000+0  00000+0 0  9995
2 49817   0.3358  85.3676 0001146 262.5534  45.6848  1.00270100 16625
EXPRESS AMU-7           
1 50001U 21123A   26173.84463562 -.00000239  00000+0  00000+0 0  9995
2 50001   0.0188 286.2191 0000171  83.9076 349.9622  1.00273150 16591
EXPRESS AMU-3           
1 50002U 21123B   26172.96377428  .00000000  00000+0  00000+0 0  9998
2 50002   0.0214 336.2937 0000426 327.1382  56.5641  1.00271262  7080
TIANLIAN 2-02           
1 50005U 21124A   26173.77852010 -.00000012  00000+0  00000+0 0  9991
2 50005   0.8172  86.0477 0001228 197.3829  78.7456  1.00271430 16679
TURKSAT 5B              
1 50212U 21126A   26173.61039218  .00000148  00000+0  00000+0 0  9992
2 50212   0.0677 340.2813 0003260  19.3253 172.9149  1.00271599 16359
INMARSAT 6-F1           
1 50319U 21128A   26173.19076917 -.00000171  00000+0  00000+0 0  9999
2 50319   0.0128 299.7999 0000196  64.2461  58.7698  1.00269659 16305
SHIYAN-12 01 (SY-12 01) 
1 50321U 21129A   26174.68225500  .00000117  00000+0  00000+0 0  9991
2 50321   3.6918  79.8276 0003238 291.9480 200.3799  1.00042408 16565
SHIYAN-12 02 (SY-12 02) 
1 50322U 21129B   26174.74211521 -.00000293  00000+0  00000+0 0  9993
2 50322   3.6914  79.8308 0002948  56.9013 136.3658  1.00488080 16568
TJS-9                   
1 50574U 21135A   26173.84307561 -.00000295  00000+0  00000+0 0  9991
2 50574   0.0360 209.0114 0003720 204.5619 298.1748  1.00272793 16487
USA 324                 
1 51280U 22006A   26157.08795008 -.00000058  00000+0  00000+0 0  9996
2 51280   0.7690  83.2777 0002840 165.6787 110.1567  1.00289779 16021
GOES 18                 
1 51850U 22021A   26173.78879692  .00000100  00000+0  00000+0 0  9990
2 51850   0.0055 150.0151 0000444 338.6630 289.2404  1.00271254  6642
ZHONGXING-6D            
1 52255U 22038A   26172.90271216  .00000000  00000+0  00000+0 0  9998
2 52255   0.0102   5.9505 0000570 105.0548 249.0008  1.00267378 15477
NILESAT 301             
1 52817U 22061A   26173.60068547 -.00000056  00000+0  00000+0 0  9999
2 52817   0.0530  26.0681 0004730  33.8049  60.1435  1.00271669 14799
CMS-02 (GSAT-24)        
1 52903U 22067A   26173.83138407 -.00000162  00000+0  00000+0 0  9997
2 52903   0.0444 251.9414 0001746 120.8784 280.4982  1.00271923 14662
MEASAT 3D               
1 52904U 22067B   26173.76274670 -.00000238  00000+0  00000+0 0  9997
2 52904   0.0261   2.3495 0001286  22.8351 251.8399  1.00271166 14705
SES-22                  
1 52933U 22071A   26173.68795111  .00000107  00000+0  00000+0 0  9997
2 52933   0.0249 290.4894 0001499 151.4554 297.5797  1.00273776  7571
WFOV (USA 332)          
1 52940U 22073A   26173.76820671 -.00000361  00000+0  00000+0 0  9999
2 52940   3.7260  78.4626 0001916 258.4271 329.8852  1.00272669 14420
TIANLIAN 2-03           
1 53100U 22078A   26173.81800213  .00000075  00000+0  00000+0 0  9990
2 53100   0.6850  77.1443 0001267 334.6090 164.2912  1.00271347 14608
SBIRS GEO-6 (USA 336)   
1 53355U 22092A   26173.84342228 -.00000289  00000+0  00000+0 0  9996
2 53355   3.2474 317.5971 0002010 127.0161 269.0384  1.00271439 14292
EUTELSAT KONNECT VHTS   
1 53765U 22110A   26173.07475257  .00000018  00000+0  00000+0 0  9995
2 53765   0.0635 100.3054 0002643 344.5873 214.9742  1.00276566  6888
ZHONGXING-1E            
1 53813U 22112A   26173.83202897 -.00000146  00000+0  00000+0 0  9996
2 53813   0.0343 179.6847 0000474 143.9201 328.3464  1.00272243 13903
SES-20                  
1 53960U 22123A   26173.81642153 -.00000098  00000+0  00000+0 0  9998
2 53960   0.0248  66.6614 0001955  13.9012  21.2345  1.00270714 13591
SES-21                  
1 53961U 22123B   26173.68795111  .00000000  00000+0  00000+0 0  9999
2 53961   0.0386  16.9617 0000902  70.9832 299.6694  1.00267698  7262
GALAXY 33 (G-33)        
1 54026U 22128A   26173.68795111  .00000081  00000+0  00000+0 0  9996
2 54026   0.0124 317.1140 0001686 137.3317 291.0794  1.00274179 13792
GALAXY 34 (G-34)        
1 54027U 22128B   26173.31324961  .00000000  00000+0  00000+0 0  9999
2 54027   0.0194 355.5557 0001772 109.0481 149.6614  1.00266943 13960
ANGOSAT 2               
1 54033U 22131A   26172.53723875  .00000134  00000+0  00000+0 0  9998
2 54033   0.0299 100.6416 0000725 327.5424  57.9510  1.00273779 13520
EUTELSAT HOTBIRD 13F    
1 54048U 22134A   26173.17681576  .00000088  00000+0  00000+0 0  9997
2 54048   0.0473 293.2942 0001998  69.8092 343.9319  1.00273091 13424
LDPE-2                  
1 54219U 22144A   26173.60925649  .00000121  00000+0  00000+0 0  9996
2 54219   5.6268  63.6126 0001919  95.5953 178.5379  1.00535380 11894
EUTELSAT HOTBIRD 13G    
1 54225U 22146A   26173.60458549  .00000090  00000+0  00000+0 0  9990
2 54225   0.0483 221.9035 0001997 315.3854 324.1471  1.00271759  7520
ZHONGXING-19            
1 54230U 22148A   26173.77696009 -.00000078  00000+0  00000+0 0  9998
2 54230   0.0214  71.1469 0002614  40.7149 241.9912  1.00272262 13430
GALAXY 31 (G-31)        
1 54243U 22153A   26173.68239051  .00000016  00000+0  00000+0 0  9999
2 54243   0.0143 275.6335 0001283 170.6905 309.1887  1.00272726  7180
GALAXY 32 (G-32)        
1 54244U 22153B   26173.79781030 -.00000171  00000+0  00000+0 0  9994
2 54244   0.0086 343.6444 0002127  57.8179  65.7218  1.00271461 13209
EUTELSAT 10B            
1 54259U 22157A   26173.82336654  .00000071  00000+0  00000+0 0  9994
2 54259   0.0641  97.6049 0001612   7.3091 112.4567  1.00267821 13088
GALAXY 35 (G-35)        
1 54741U 22170A   26173.79737696 -.00000159  00000+0  00000+0 0  9990
2 54741   0.0275  90.7491 0002028 357.0991  17.0706  1.00271899 12958
GALAXY 36 (G-36)        
1 54742U 22170B   26173.79833030 -.00000182  00000+0  00000+0 0  9996
2 54742   0.0279 131.0859 0002724 314.3710  23.9189  1.00271999 12837
METEOSAT-12 (MTG-I1)    
1 54743U 22170C   26173.81583545 -.00000005  00000+0  00000+0 0  9997
2 54743   0.7449  23.9476 0003474  70.8871 109.4832  1.00274356 13031
SHIJIAN-23 (SJ-23)      
1 55131U 23002A   26174.75648853 -.00000278  00000+0  00000+0 0  9994
2 55131   3.7349  78.2365 0003764 277.8459 331.9168  1.00086580 12570
APSTAR-6E               
1 55239U 23005A   26173.87326356 -.00000314  00000+0  00000+0 0  9990
2 55239   0.0302 242.2640 0000812 306.8641 170.2711  1.00271869 18743
USA 342                 
1 55263U 23008A   26170.70365845  .00000000  00000+0  00000+0 0  9996
2 55263   0.0057  73.3519 0000125 107.0449   4.6843  1.00267812 12540
LDPE-3A                 
1 55264U 23008B   26173.64733712  .00000083  00000+0  00000+0 0  9996
2 55264   2.3629  81.6043 0001313  53.6751 237.4186  0.99146565 11865
ELEKTRO-L 4             
1 55506U 23016A   26172.78949973 -.00000059  00000+0  00000+0 0  9990
2 55506   0.0773 156.0490 0000905  22.9755 180.9653  1.00271079 12382
AMAZONAS NEXUS          
1 55508U 23017A   26173.80386719 -.00000279  00000+0  00000+0 0  9994
2 55508   0.0360  37.4176 0005075  34.5459  67.4150  1.00270464  7104
ZHONGXING-26            
1 55686U 23023A   26172.91388434 -.00000354  00000+0  00000+0 0  9999
2 55686   0.0668  71.1386 0003654  18.8407 274.2455  1.00271654 12271
LUCH-5X (OLYMP-K 2)     
1 55841U 23031A   26174.68372833  .00000039  00000+0  00000+0 0  9992
2 55841   0.0349  76.0726 0000959 142.4706   1.4389  1.00270985 12006
GAOFEN-13 02            
1 55912U 23036A   26173.63188339 -.00000217  00000+0  00000+0 0  9995
2 55912   1.0213   1.8784 0003891 338.0558 306.6215  1.00269860 12145
SES-18                  
1 55970U 23038A   26172.94000848 -.00000101  00000+0  00000+0 0  9994
2 55970   0.0186 335.3994 0000127 171.9442 358.0827  1.00271876 12151
SES-19                  
1 55971U 23038B   26173.68795111  .00000091  00000+0  00000+0 0  9998
2 55971   0.0239 302.0111 0001789 150.9173 290.6839  1.00270721 12147
INTELSAT 40E (IS-40E)   
1 56174U 23052A   26173.79781030  .00000000  00000+0  00000+0 0  9997
2 56174   0.0161  16.5155 0002395 107.0542 343.6157  1.00269582 11884
VIASAT-3 F1             
1 56370U 23060A   26173.79833030  .00000000  00000+0  00000+0 0  9992
2 56370   0.0225 354.4375 0001089  88.4801  26.5078  1.00269022 11495
ARCTURUS                
1 56371U 23060B   26173.47377564 -.00000062  00000+0  00000+0 0  9992
2 56371   2.7884  79.8881 0002688  55.2590  18.5802  1.00272605 11519
GS-1                    
1 56372U 23060C   26171.90425197 -.00000228  00000+0  00000+0 0  9999
2 56372   2.7349  79.7896 0003603 280.6697 323.6137  1.00273526  7576
BEIDOU-3 G4             
1 56564U 23066A   26173.84359561 -.00000278  00000+0  00000+0 0  9999
2 56564   0.4800 333.0281 0004585 177.1449 204.5969  1.00272324 11452
ARABSAT-7B (BADR-8)     
1 56757U 23075A   26173.32203817  .00000146  00000+0  00000+0 0  9991
2 56757   0.0772  30.9514 0004513 355.8394  25.6418  1.00271151 11163
NVS-01 (IRNSS-1J)       
1 56759U 23076A   26173.84151560 -.00000331  00000+0  00000+0 0  9995
2 56759   2.1520 244.0775 0002954  15.6948  83.6741  1.00276584 11178
NUSANTARA TIGA (SATRIA) 
1 57045U 23086A   26173.27451760 -.00000233  00000+0  00000+0 0  9998
2 57045   0.0341 356.6648 0003571 350.9032 167.7208  1.00273720  9818
H2SAT (HEINRICH HERTZ)  
1 57213U 23093A   26173.08030771  .00000002  00000+0  00000+0 0  9990
2 57213   0.0487 107.8716 0000914  56.5331 135.4737  1.00268912 10961
SYRACUSE 4B             
1 57214U 23093B   26173.74332119  .00000000  00000+0  00000+0 0  9993
2 57214   0.0215  20.5784 0000216 100.6937  50.7932  1.00269671  7027
JUPITER 3 (ECHOSTAR 24) 
1 57479U 23108A   26172.51532754  .00000000  00000+0  00000+0 0  9994
2 57479   0.0216   1.1319 0001237  83.6086 275.2736  1.00268793 10685
GALAXY 37 (G-37)        
1 57493U 23112A   26173.68239051  .00000051  00000+0  00000+0 0  9994
2 57493   0.0188  15.3916 0002131  75.8638 298.2609  1.00272385 10595
LUDI TANCE-4 01A        
1 57624U 23120A   26173.04942036 -.00000171  00000+0  00000+0 0  9997
2 57624  15.0994 193.8382 0001226  31.4785 152.3479  1.00268391 10593
TJS-10                  
1 58204U 23169A   26174.70253146 -.00000245  00000+0  00000+0 0  9998
2 58204   2.5618  80.4206 0003888 105.5302  71.2736  1.00273203  9605
ZHONGXING-6E            
1 58253U 23172A   26173.83874226 -.00000358  00000+0  00000+0 0  9992
2 58253   0.0514  91.2012 0002963 354.1844 243.0753  1.00268955  9716
YAOGAN-41               
1 58582U 23197A   26173.83100556 -.00000359  00000+0  00000+0 0  9993
2 58582   3.1175 313.2416 0014239 193.1849 186.8876  1.00267923  9385
OVZON-3                 
1 58698U 24003A   26173.47126229  .00000053  00000+0  00000+0 0  9993
2 58698   0.0070  54.6352 0000013 314.2353 131.1152  1.00272758  7503
INSAT-3DS               
1 58990U 24033A   26173.79766740 -.00000153  00000+0  00000+0 0  9996
2 58990   0.0524 104.7309 0001290 336.3989 199.0920  1.00271053 47124
MERAH PUTIH 2           
1 58995U 24035A   26173.58169767  .00000000  00000+0  00000+0 0  9996
2 58995   0.0192  18.4104 0001453  77.6285 137.0864  1.00268949  8642
TJS-11                  
1 59020U 24037A   26173.00259497 -.00000365  00000+0  00000+0 0  9990
2 59020   4.1923 327.1590 0003303 110.0551 306.5557  1.00273850  8630
HULIANWAN GAOGUI-01 (H*)
1 59069U 24040A   26173.86871319  .00000159  00000+0  00000+0 0  9994
2 59069   0.0681 330.2754 0002940  72.7477 214.3388  1.00272445  7381
EUTELSAT 36D            
1 59346U 24059A   26173.82302881  .00000000  00000+0  00000+0 0  9996
2 59346   0.0202   4.5078 0000304  97.7731 140.8706  1.00268421  8208
PAKSAT-MM1              
1 59915U 24104A   26173.82346214  .00000157  00000+0  00000+0 0  9990
2 59915   0.0352  91.5120 0002650 346.0713 168.0259  1.00269213  7581
ASTRA 1P (SES-24)       
1 60086U 24115A   26173.67709299  .00000122  00000+0  00000+0 0  9994
2 60086   0.0577 349.7608 0000629  22.1042 161.9436  1.00266587  7255
GOES 19                 
1 60133U 24119A   26173.80100718 -.00000245  00000+0  00000+0 0  9994
2 60133   0.0387 153.9180 0000363 358.0484 332.1787  1.00272226  7026
ZHONGXING-3A            
1 60179U 24122A   26171.59014024 -.00000318  00000+0  00000+0 0  9997
2 60179   0.0402 113.7747 0001215   9.0664  99.9844  1.00272426  7346
TURKSAT 6A              
1 60233U 24127A   26173.75291363  .00000000  00000+0  00000+0 0  9993
2 60233   0.0115 161.8889 0001923 327.0997  94.9840  1.00272832  7079
HULIANWAN GAOGUI-02 (H*)
1 60327U 24135A   26171.55639622 -.00000178  00000+0  00000+0 0  9993
2 60327   0.0432 354.2481 0007382  13.9786 253.9739  1.00269765  7539
ZHONGXING-4A            
1 60606U 24151A   26173.86478573 -.00000358  00000+0  00000+0 0  9993
2 60606   1.2988 270.7566 0000308 200.0073 229.8290  1.00271225  6811
HULIANWAN GAOGUI-03 (H*)
1 61503U 24181A   26170.87770185 -.00000246  00000+0  00000+0 0  9991
2 61503   0.0459 358.3743 0001138  95.3158  53.2376  1.00270259  6853
DSN-3 (KIRAMEKI-3)      
1 61733U 24198A   26173.84446229 -.00000247  00000+0  00000+0 0  9994
2 61733   0.0189 290.8996 0000758 181.6889 246.4837  1.00270361  5979
KOREASAT 6A             
1 61910U 24206A   26173.82737623 -.00000359  00000+0  00000+0 0  9994
2 61910   0.0348 106.5124 0001016 313.2349 265.1284  1.00272266  5892
OPTUS-X (ADS-01)        
1 62006U 24212A   26173.78308448 -.00000141  00000+0  00000+0 0  9991
2 62006   0.0194 343.2788 0002028 145.7418 220.2277  1.00272044  5813
GSAT-N2 (GSAT-20)       
1 62028U 24214A   26173.84613779 -.00000016  00000+0  00000+0 0  9991
2 62028   0.0507 107.0334 0002071 334.4514 202.0803  1.00271348  5954
SXM-9                   
1 62259U 24234A   26173.12822381 -.00000204  00000+0  00000+0 0  9990
2 62259   0.0137 339.3272 0004942 338.4959 273.4882  1.00272051  5621
TJS-12                  
1 62374U 24246A   26173.63257027 -.00000229  00000+0  00000+0 0  9993
2 62374   0.6577 299.7247 0002094  88.5964 256.7090  1.00268788  5615
NUVIEW ALPHA            
1 62455U 24252B   26173.51427683 -.00000213  00000+0  00000+0 0  9997
2 62455   0.0509  30.4250 0001351  41.4474 300.8735  1.00270332  3878
AGILA                   
1 62456U 24252C   26173.77470675 -.00000179  00000+0  00000+0 0  9996
2 62456   0.0619 124.7831 0001414 341.8243 235.3900  1.00271438  5218
NUVIEW BRAVO            
1 62457U 24252D   26173.51427683 -.00000213  00000+0  00000+0 0  9999
2 62457   0.0718 150.0740 0002212 335.6839 246.9570  1.00272802  3843
THURAYA-4               
1 62483U 25001A   26173.34489214  .00000141  00000+0  00000+0 0  9999
2 62483   0.0236  65.8724 0000104 133.4383 239.6742  1.00271302  4225
SHIJIAN-25 (SJ-25)      
1 62485U 25002A   26174.74964970 -.00000347  00000+0  00000+0 0  9993
2 62485   5.1292  61.1290 0051287 174.7415  73.0764  1.00283098  5426
TJS-14                  
1 62804U 25017A   26173.81956213  .00000118  00000+0  00000+0 0  9997
2 62804   0.7689 296.0415 0001215 304.6315 343.8175  1.00267606  5329
SPAINSAT NG I           
1 62852U 25021A   26173.32264484  .00000153  00000+0  00000+0 0  9992
2 62852   0.0172   0.1200 0000113  41.2368  14.2879  1.00270366  4030
QZS-6 (MICHIBIKI-6)     
1 62876U 25023A   26173.86608802 -.00000229  00000+0  00000+0 0  9990
2 62876   0.0672  75.5392 0002035  19.3191 218.4647  1.00269680  5000
ZHONGXING-10R           
1 63075U 25036A   26173.48140233 -.00000350  00000+0  00000+0 0  9998
2 63075   0.0117  54.0958 0003849  82.7393  57.6508  1.00269911  5015
TJS-15                  
1 63157U 25045A   26174.73313002 -.00000258  00000+0  00000+0 0  9991
2 63157   0.3028  85.4940 0004630 301.7155 242.9828  1.00269808  4825
TIANLIAN 2-04           
1 63361U 25062A   26173.83168229 -.00000131  00000+0  00000+0 0  9996
2 63361   4.3591 274.3568 0031392  10.3526   5.7653  1.00272150  4663
TJS-16                  
1 63397U 25064A   26174.68041072 -.00000100  00000+0  00000+0 0  9993
2 63397   1.1156  81.4397 0003285 296.0049 299.9588  1.00272091  4459
TJS-17                  
1 63524U 25073A   26174.67629207 -.00000064  00000+0  00000+0 0  9995
2 63524   1.0815  82.6596 0002065 307.4337 289.7733  1.00273272  4358
TIANLIAN 2-05           
1 63662U 25084A   26173.60605882  .00000128  00000+0  00000+0 0  9995
2 63662   4.4365 279.7735 0003301 151.5308  78.0142  1.00273718  4439
TJS-19                  
1 63924U 25097A   26174.75464426 -.00000269  00000+0  00000+0 0  9991
2 63924   3.2746 317.5602 0002939 242.4103 124.8531  1.00275012  4210
CHINASAT 3B             
1 64062U 25106A   26173.77774009 -.00000042  00000+0  00000+0 0  9997
2 64062   0.0407 160.3030 0003382 325.9589 231.9814  1.00271110  4118
SXM-10                  
1 64290U 25122A   26173.43640890 -.00000015  00000+0  00000+0 0  9991
2 64290   0.0182  30.5001 0001897 336.8014 304.2571  1.00271814  3732
COSMOS 2589             
1 64467U 25131A   26174.70141602 -.00000285  00000+0  00000+0 0  9994
2 64467   0.0410  97.0337 0000978 346.3482 178.9621  1.00270794  3622
CHINASAT 9C             
1 64470U 25132A   26173.83414891 -.00000244  00000+0  00000+0 0  9990
2 64470   0.0252  95.2026 0003210 354.0207 214.2757  1.00273011  4202
MTG-S1                  
1 64723U 25143A   26173.67301964  .00000010  00000+0  00000+0 0  9991
2 64723   0.5985 340.1911 0000697 293.9524 237.5585  1.00400359  3477
DROR 1                  
1 64784U 25148A   26173.74384119 -.00000032  00000+0  00000+0 0  9999
2 64784   0.0225 295.6001 0002761  98.5406 140.5448  1.00271042  3355
SHIYAN-29               
1 65486U 25196A   26173.86285047 -.00000284  00000+0  00000+0 0  9994
2 65486  28.8277  18.4636 0012519 176.2001 121.7741  1.00284318  2932
NUSANTARA LIMA (NUSANT*)
1 65588U 25205A   26173.05401372 -.00000357  00000+0  00000+0 0  9991
2 65588   0.0403 171.6447 0000323 321.3849 269.5083  1.00274542  2762
TJS-20                  
1 66142U 25238A   26173.47178229  .00000026  00000+0  00000+0 0  9994
2 66142   5.4566 299.5380 0004415 159.5706  43.8102  1.00268819  2386
CMS-03 (GSAT-7R)        
1 66311U 25249B   26173.83055562 -.00000074  00000+0  00000+0 0  9992
2 66311   0.0271  97.5621 0001818 348.2218 198.2033  1.00271874  2407
VIASAT-3 F2             
1 66454U 25261A   26173.30283442 -.00000232  00000+0  00000+0 0  9992
2 66454   0.0173 125.0438 0000262  52.5685 122.9161  1.00269974  2846
SHIJIAN-28 (SJ-28)      
1 66549U 25277A   26173.76777338 -.00000355  00000+0  00000+0 0  9992
2 66549   4.5229 272.0428 0000963  40.0025 352.1051  1.00275128  2216
TJS-22                  
1 66990U 25290A   26172.86314528 -.00000006  00000+0  00000+0 0  9998
2 66990   1.5177 286.6295 0002209 322.8806  37.7298  1.00271791  2076
TJS-23                  
1 67226U 25306A   26173.58695617  .00000018  00000+0  00000+0 0  9992
2 67226   5.5759 297.4584 0004749 177.5482 182.5794  1.00267013  1943
FENGYUN 4C              
1 67246U 25312A   26173.77098007 -.00000320  00000+0  00000+0 0  9999
2 67246   0.0447 160.2142 0000607   3.6154 157.6697  1.00272864  1833
SHIJIAN-29A (SJ-29A)    
1 67302U 25315A   26174.68589501 -.00000062  00000+0  00000+0 0  9993
2 67302   3.4149  94.9530 0003438  22.8841 114.0883  1.00270792  1682
SHIJIAN-29B (SJ-29B)    
1 67403U 25315C   26174.68589501 -.00000063  00000+0  00000+0 0  9996
2 67403   3.4139  94.9462 0004282  34.7581 102.2552  1.00270516  1752
ELEKTRO-L 5             
1 67756U 26028A   26173.03812472 -.00000097  00000+0  00000+0 0  9990
2 67756   0.2432 313.5121 0001753 181.4243 225.0687  1.00272253  1305
JAM-E JAM 1             
1 67757U 26028B   26173.86584745  .00000159  00000+0  00000+0 0  9999
2 67757   0.2473 304.1999 0001008 282.7218  29.8970  1.00279080  1175
ECHOSTAR 25             
1 68126U 26045A   26173.32912861 -.00000055  00000+0  00000+0 0  9990
2 68126   0.0173   6.6213 0001796  80.7356 191.6321  1.00271873  1043
TJS-24                  
1 69235U 26116A   26174.70253146 -.00000225  00000+0  00000+0 0  9997
2 69235   0.0368 123.3919 0000465 311.1874 180.4877  1.00271672   294
