INTELSAT 902 (IS-902)   
1 26900U 01039A   26126.23513285 -.00000275  00000+0  00000+0 0  9999
2 26900   6.0136  72.2822 0004327 328.2255 218.1370  1.00270293 90275
INTELSAT 904 (IS-904)   
1 27380U 02007A   26125.43727097 -.00000217  00000+0  00000+0 0  9993
2 27380   6.8145  69.6875 0008001 344.5911 294.9798  1.00272003 51338
DIRECTV 5 (TEMPO 1)     
1 27426U 02023A   26126.52883987 -.00000049  00000+0  00000+0 0  9997
2 27426   4.7721  75.8156 0003531 331.0572 257.7983  1.00272314 87702
INTELSAT 905 (IS-905)   
1 27438U 02027A   26126.53899065  .00000102  00000+0  00000+0 0  9998
2 27438   6.6500  70.2912 0003972 348.2032 222.7445  1.00271343 50942
GALAXY 3C (G-3C)        
1 27445U 02030A   26126.52271152 -.00000144  00000+0  00000+0 0  9997
2 27445   3.6226  78.5322 0001968  24.4565 214.7206  1.00272263 46072
INTELSAT 906 (IS-906)   
1 27513U 02041A   26125.98952611  .00000021  00000+0  00000+0 0  9993
2 27513   5.6976  73.4277 0004153 345.3767 225.4254  1.00272488 86607
GALAXY 13 (HORIZONS-1)  
1 27954U 03044A   26126.54400226  .00000141  00000+0  00000+0 0  9992
2 27954   1.3126  84.3451 0002119 316.2030 229.6843  1.00270932 46159
INTELSAT 10-02          
1 28358U 04022A   26126.41181020 -.00000005  00000+0  00000+0 0  9992
2 28358   0.0364  70.4054 0001166  20.4371 280.6287  1.00262247 80131
DIRECTV 8               
1 28659U 05019A   26126.62835700  .00000009  00000+0  00000+0 0  9990
2 28659   0.0152 268.6271 0003495 146.3579 276.6745  1.00272584 76658
GALAXY 28 (G-28)        
1 28702U 05022A   26126.39948762 -.00000191  00000+0  00000+0 0  9993
2 28702   3.1917  79.4291 0003359 329.0679 292.4917  1.00275173 51556
GALAXY 16 (G-16)        
1 29236U 06023A   26126.62072108 -.00000119  00000+0  00000+0 0  9996
2 29236   0.0251 163.0819 0002877 242.7511 303.1182  1.00271010 72555
DIRECTV 9S              
1 29494U 06043A   26126.52514213 -.00000105  00000+0  00000+0 0  9996
2 29494   2.3135  81.3797 0004692 341.1495 249.7204  1.00272374 50961
GALAXY 17 (G-17)        
1 31307U 07016B   26126.53070241 -.00000198  00000+0  00000+0 0  9994
2 31307   2.8670  80.4039 0004718 341.4957 268.5530  1.00272052 69380
INTELSAT 11 (IS-11)     
1 32253U 07044B   26126.39489426 -.00000197  00000+0  00000+0 0  9998
2 32253   3.4570  79.1570 0000401 237.9027 358.9713  0.99051563 68031
HORIZONS-2              
1 32388U 07063B   26126.39030090 -.00000245  00000+0  00000+0 0  9991
2 32388   2.4946  81.1190 0003800 336.0861 233.7432  1.00269813 67398
DIRECTV 11              
1 32729U 08013A   26126.52461762 -.00000118  00000+0  00000+0 0  9994
2 32729   0.0191  50.6916 0000310 328.5073 294.8720  1.00272274 45179
GALAXY 18 (G-18)        
1 32951U 08024A   26126.60596985  .00000033  00000+0  00000+0 0  9993
2 32951   0.0099 280.2216 0003207 129.3417 270.0453  1.00272023 45434
INTELSAT 25 (IS-25)     
1 33153U 08034A   26126.51800859 -.00000198  00000+0  00000+0 0  9990
2 33153   2.6005  80.7899 0001729 321.6431 304.0004  0.99496814 65271
GALAXY 19 (G-19)        
1 33376U 08045A   26126.62002133 -.00000131  00000+0  00000+0 0  9997
2 33376   0.0010 229.6308 0002913 180.0140 301.0532  1.00271376 64487
FM-5                    
1 35493U 09034A   26126.60176937 -.00000192  00000+0  00000+0 0  9997
2 35493   0.0130 276.7391 0000247 334.1014 104.1097  1.00270591 46225
INTELSAT 14 (IS-14)     
1 36097U 09064A   26126.46725900 -.00000266  00000+0  00000+0 0  9997
2 36097   0.0138 278.6068 0002699 135.0636 293.8845  1.00271160 60188
INTELSAT 15 (IS-15)     
1 36106U 09067A   26126.57528675 -.00000177  00000+0  00000+0 0  9994
2 36106   0.0149 305.6839 0002572 112.8499  98.1445  1.00270559 40819
DIRECTV 12              
1 36131U 09075A   26126.62211097 -.00000096  00000+0  00000+0 0  9994
2 36131   0.0111  69.9336 0000485 355.2188 280.5802  1.00272897 46139
INTELSAT 16 (IS-16)     
1 36397U 10006A   26126.31846532 -.00000237  00000+0  00000+0 0  9995
2 36397   0.0172 316.1796 0002659 121.9795 184.4724  1.00270947 59238
XM-5                    
1 37185U 10053A   26126.62698177 -.00000015  00000+0  00000+0 0  9991
2 37185   0.0622 272.4885 0003568 271.5073 151.0063  1.00270498 57064
INTELSAT 17 (IS-17)     
1 37238U 10065B   26126.46292019  .00000006  00000+0  00000+0 0  9999
2 37238   0.0134 240.8026 0002930 180.4872  35.6937  1.00273121 52837
INTELSAT 28 (IS-28)     
1 37392U 11016A   26126.39862094 -.00000216  00000+0  00000+0 0  9999
2 37392   1.6983  83.1086 0004216 328.3883 284.5702  1.00272370 52868
INTELSAT 18 (IS-18)     
1 37834U 11056A   26126.56295148  .00000061  00000+0  00000+0 0  9990
2 37834   0.0168 272.0043 0002237 146.6000 188.4808  1.00271799 53394
INTELSAT 22 (IS-22)     
1 38098U 12011A   26126.56181587 -.00000051  00000+0  00000+0 0  9996
2 38098   0.0053 101.7626 0001821 314.6963  82.3007  1.00271617  6770
INTELSAT 19 (IS-19)     
1 38356U 12030A   26126.56134566 -.00000048  00000+0  00000+0 0  9995
2 38356   0.0165 285.8049 0003150 124.9081 181.8044  1.00272792 50033
INTELSAT 20 (IS-20)     
1 38740U 12043A   26126.46311971 -.00000017  00000+0  00000+0 0  9998
2 38740   0.0056 240.3180 0001839 302.4610 276.7666  1.00271481 50335
INTELSAT 21 (IS-21)     
1 38749U 12045A   26126.53598910 -.00000277  00000+0  00000+0 0  9995
2 38749   0.0138  29.1677 0002075  29.1379 301.0492  1.00271127 50108
INTELSAT 23 (IS-23)     
1 38867U 12057A   26126.46569900 -.00000277  00000+0  00000+0 0  9998
2 38867   0.0181 282.8018 0000206 160.9185 255.2725  1.00268864 49535
FM-6                    
1 39360U 13058A   26126.16989278 -.00000009  00000+0  00000+0 0  9993
2 39360   0.0157 281.3236 0002359 217.0434  30.5697  1.00275544 45659
INTELSAT 30 (IS-30)     
1 40271U 14062A   26126.52870906 -.00000143  00000+0  00000+0 0  9998
2 40271   0.0173   0.9359 0000996  41.5975 277.1460  1.00270801  6370
DIRECTV 14              
1 40333U 14078B   26126.52784238 -.00000118  00000+0  00000+0 0  9998
2 40333   0.0131 302.2401 0000389 195.5384 177.4037  1.00271950 41624
DIRECTV 15              
1 40663U 15026A   26126.62280738 -.00000094  00000+0  00000+0 0  9998
2 40663   0.0346  90.4534 0000088  18.3212 237.0460  1.00268991 40048
SKY MEXICO-1            
1 40664U 15026B   26126.46058565 -.00000226  00000+0  00000+0 0  9999
2 40664   0.0136 285.6793 0002168 130.6694 254.9885  1.00271066 40039
INTELSAT 34 (IS-34)     
1 40874U 15039A   26126.46517900 -.00000278  00000+0  00000+0 0  9996
2 40874   0.0139 293.8053 0000330 113.0496 289.4385  1.00270142 39219
INTELSAT 31 (IS-31)     
1 41581U 16035A   26126.61932248 -.00000143  00000+0  00000+0 0  9993
2 41581   0.0116 244.8633 0001831  36.8063  70.7221  1.00270791 36261
INTELSAT 36 (IS-36)     
1 41747U 16053A   26126.59650286 -.00000017  00000+0  00000+0 0  9993
2 41747   0.0142 345.1511 0001358 350.5911 171.9645  1.00272260 35543
INTELSAT 32E (IS-32E)   
1 41945U 17007B   26126.46760568 -.00000261  00000+0  00000+0 0  9995
2 41945   0.0155 288.1912 0000092  24.1133  37.1856  1.00269923 33808
INTELSAT 35E (IS-35E)   
1 42818U 17041A   26126.46933902 -.00000230  00000+0  00000+0 0  9993
2 42818   0.0176 273.1739 0002125 132.0345 313.5946  1.00271550 32398
INTELSAT 37E (IS-37E)   
1 42950U 17059A   26126.61520277 -.00000133  00000+0  00000+0 0  9995
2 42950   0.0094 279.1218 0002746 134.8602  13.9536  1.00270509 31643
AZERSPACE 2 (IS-38)     
1 43632U 18074A   26126.55644251  .00000144  00000+0  00000+0 0  9994
2 43632   0.0187 276.5325 0001590 133.8252  59.5032  1.00272699 28038
HORIZONS-3E             
1 43633U 18074B   26126.56065576 -.00000023  00000+0  00000+0 0  9990
2 43633   0.0216 130.1886 0000697 205.7722 259.2874  1.00271925 27928
AT&T T-16               
1 44333U 19034A   26126.52749572 -.00000107  00000+0  00000+0 0  9999
2 44333   0.0328  90.3790 0000624  95.6505 127.3986  1.00270830 25219
INTELSAT 39 (IS-39)     
1 44476U 19049B   26126.55195233  .00000041  00000+0  00000+0 0  9991
2 44476   0.0154 275.5989 0000400 326.8457 242.6197  1.00271122 24712
GALAXY 30 (G-30)        
1 46114U 20056C   26126.61082947  .00000044  00000+0  00000+0 0  9999
2 46114   0.0061 308.8676 0002661 110.4272 260.0832  1.00271809 20871
GALAXY 33 (G-33)        
1 54026U 22128A   26126.59249600  .00000086  00000+0  00000+0 0  9996
2 54026   0.0159 326.0151 0002087  83.7937 254.9581  1.00273412 13329
GALAXY 34 (G-34)        
1 54027U 22128B   26126.52194903  .00000000  00000+0  00000+0 0  9991
2 54027   0.0192 283.7732 0001730 128.9201 230.5954  1.00270759 13494
GALAXY 31 (G-31)        
1 54243U 22153A   26126.59483601  .00000021  00000+0  00000+0 0  9995
2 54243   0.0104 236.4338 0001525 175.7062 265.4660  1.00272683  6717
GALAXY 32 (G-32)        
1 54244U 22153B   26126.03039916 -.00000166  00000+0  00000+0 0  9992
2 54244   0.0090 316.6684 0002925  78.7927 108.3849  1.00271655 12724
GALAXY 35 (G-35)        
1 54741U 22170A   26126.60038270 -.00000155  00000+0  00000+0 0  9996
2 54741   0.0133 253.4234 0002328 161.2948 292.7930  1.00272261 12476
GALAXY 36 (G-36)        
1 54742U 22170B   26126.31595198 -.00000177  00000+0  00000+0 0  9996
2 54742   0.0153 233.8724 0002824 194.1921 180.8581  1.00271065 12359
GALAXY 37 (G-37)        
1 57493U 23112A   26126.16086306  .00000055  00000+0  00000+0 0  9992
2 57493   0.0133 274.9690 0002092 132.0948 107.8944  1.00274320 10120
