IRIDIUM 106             
1 41917U 17003A   26154.28132192  .00000003  00000+0 -59690-5 0  9996
2 41917  86.3958  94.3691 0001861  78.4413 281.6992 14.34217447491219
IRIDIUM 103             
1 41918U 17003B   26154.26863764  .00000062  00000+0  15016-4 0  9998
2 41918  86.3958  94.2739 0002488  81.5686 278.5792 14.34217915491230
IRIDIUM 109             
1 41919U 17003C   26154.27498053  .00000033  00000+0  48013-5 0  9997
2 41919  86.3960  94.3306 0002338  85.5135 274.6328 14.34217538491202
IRIDIUM 102             
1 41920U 17003D   26154.31303421  .00000209  00000+0  67627-4 0  9994
2 41920  86.3952  94.2399 0002375  89.9058 270.2410 14.34216600491291
IRIDIUM 105             
1 41921U 17003E   26155.10887561  .00000337  00000+0  11319-3 0  9993
2 41921  86.3971  62.3375 0002457  87.6814 272.4663 14.34224387493263
IRIDIUM 104             
1 41922U 17003F   26154.32572165  .00000041  00000+0  74236-5 0  9999
2 41922  86.3959  94.2758 0002548  85.9472 274.2015 14.34217400491280
IRIDIUM 114             
1 41923U 17003G   26154.33206391  .00000074  00000+0  19435-4 0  9991
2 41923  86.3957  94.2562 0002441  85.1243 275.0232 14.34217524491267
IRIDIUM 108             
1 41924U 17003H   26155.12780485  .00000242  00000+0  79206-4 0  9990
2 41924  86.3966  62.2208 0002196  86.8279 273.3168 14.34219269493230
IRIDIUM 112             
1 41925U 17003J   26154.31937754  .00000103  00000+0  29566-4 0  9994
2 41925  86.3956  94.1046 0002391  88.1050 272.0420 14.34218173491286
IRIDIUM 111             
1 41926U 17003K   26154.30669336  .00000111  00000+0  32515-4 0  9999
2 41926  86.3956  94.1800 0002329  83.7953 276.3508 14.34217875491269
IRIDIUM 113             
1 42803U 17039A   26154.56572926  .00000075  00000+0  19665-4 0  9999
2 42803  86.3964 327.8750 0002357  90.6635 269.4831 14.34218836469230
IRIDIUM 123             
1 42804U 17039B   26155.09558902  .00000098  00000+0  27992-4 0  9994
2 42804  86.3975 359.1111 0002142  82.8562 277.2877 14.34217589468078
IRIDIUM 120             
1 42805U 17039C   26154.55938726  .00000129  00000+0  38867-4 0  9999
2 42805  86.3952 327.6619 0002018  90.9196 269.2231 14.34220678469228
IRIDIUM 115             
1 42806U 17039D   26155.01504362  .00000320  00000+0  89159-4 0  9990
2 42806  86.4489 327.5978 0002088  85.9099 274.2340 14.43281479472367
IRIDIUM 118             
1 42807U 17039E   26155.05753401 -.00000015  00000+0 -12393-4 0  9994
2 42807  86.3973 359.1252 0002109  88.7740 271.3698 14.34217369468062
IRIDIUM 117             
1 42808U 17039F   26155.14633011  .00000009  00000+0 -36780-5 0  9998
2 42808  86.3974 359.0459 0002186  85.6322 274.5123 14.34217686468104
IRIDIUM 126             
1 42809U 17039G   26154.96238922  .00000216  00000+0  70064-4 0  9991
2 42809  86.3974 359.1733 0002281  86.7607 273.3850 14.34220323468055
IRIDIUM 124             
1 42810U 17039H   26154.94886098  .00000368  00000+0  10335-3 0  9996
2 42810  86.4473 295.8958 0002222  91.1379 269.0077 14.43281027473202
IRIDIUM 128             
1 42811U 17039J   26155.09266978  .00000014  00000+0 -19858-5 0  9993
2 42811  86.3976  30.6249 0001893  85.0184 275.1228 14.34217588468107
IRIDIUM 121             
1 42812U 17039K   26155.12095994 -.00000064  00000+0 -29796-4 0  9993
2 42812  86.3973 359.1347 0002002  88.4633 271.6792 14.34217239467954
IRIDIUM 133             
1 42955U 17061A   26154.14761380  .00000116  00000+0  34261-4 0  9995
2 42955  86.3979  31.1379 0002237  86.8071 273.3381 14.34216908452766
IRIDIUM 100             
1 42956U 17061B   26155.11804058  .00000009  00000+0 -37862-5 0  9997
2 42956  86.3977  30.6501 0002058  85.2021 274.9410 14.34217411452901
IRIDIUM 122             
1 42957U 17061C   26155.08632747  .00000008  00000+0 -42825-5 0  9992
2 42957  86.3976  30.6638 0002102  83.2741 276.8694 14.34217615452900
IRIDIUM 129             
1 42958U 17061D   26155.11169760  .00000078  00000+0  20846-4 0  9991
2 42958  86.3980  30.7206 0002402  89.3368 270.8103 14.34216803452922
IRIDIUM 119             
1 42959U 17061E   26155.07998532  .00000044  00000+0  87038-5 0  9994
2 42959  86.3980  30.7293 0002306  83.1472 276.9986 14.34217404452935
IRIDIUM 107             
1 42960U 17061F   26155.09901186  .00000028  00000+0  30588-5 0  9997
2 42960  86.3980  30.7422 0002100  82.3602 277.7832 14.34217721452941
IRIDIUM 132             
1 42961U 17061G   26155.10535568  .00000109  00000+0  31690-4 0  9991
2 42961  86.3980  30.7194 0002237  84.9605 275.1846 14.34217727452943
IRIDIUM 136             
1 42962U 17061H   26155.06729662  .00000285  00000+0  94609-4 0  9991
2 42962  86.3980  30.7418 0002256  84.5537 275.5916 14.34219912452955
IRIDIUM 139             
1 42963U 17061J   26155.07364129  .00000064  00000+0  15957-4 0  9990
2 42963  86.3982  30.8008 0002128  84.1346 276.0093 14.34216408452966
IRIDIUM 125             
1 42964U 17061K   26155.06095809  .00000168  00000+0  52982-4 0  9990
2 42964  86.3982  30.8671 0002570  76.0080 284.1402 14.34218085452977
IRIDIUM 135             
1 43070U 17083A   26154.54670234  .00000093  00000+0  25971-4 0  9991
2 43070  86.3958 327.7204 0002179  90.3486 269.7960 14.34218697442193
IRIDIUM 138             
1 43071U 17083B   26154.99068372  .00000114  00000+0  33684-4 0  9999
2 43071  86.3952 327.2239 0002540  89.0253 271.1233 14.34217287442240
IRIDIUM 116             
1 43072U 17083C   26154.54035695  .00000057  00000+0  13424-4 0  9999
2 43072  86.3955 327.7086 0001863  92.8013 267.3396 14.34218702442219
IRIDIUM 130             
1 43073U 17083D   26154.99702650  .00000216  00000+0  70152-4 0  9999
2 43073  86.3965 327.7920 0001987  85.8706 274.2717 14.34218950442226
IRIDIUM 151             
1 43074U 17083E   26154.97165630  .00000100  00000+0  28655-4 0  9992
2 43074  86.3961 327.5863 0002174  92.3398 267.8046 14.34217394442242
IRIDIUM 134             
1 43075U 17083F   26155.00971284  .00000106  00000+0  30875-4 0  9991
2 43075  86.3960 327.5780 0002095  88.3106 271.8330 14.34218266442211
IRIDIUM 137             
1 43076U 17083G   26154.53401498  .00000085  00000+0  23380-4 0  9993
2 43076  86.3960 327.8694 0001896 101.3050 258.8359 14.34218432442212
IRIDIUM 141             
1 43077U 17083H   26155.01605409  .00000012  00000+0 -27543-5 0  9993
2 43077  86.3954 327.4987 0002206  91.4115 268.7334 14.34217901442284
IRIDIUM 153             
1 43078U 17083J   26154.47985492  .00000032  00000+0  44449-5 0  9991
2 43078  86.3951 296.2035 0002374  90.5632 269.5836 14.34217679443312
IRIDIUM 131             
1 43079U 17083K   26155.00336925  .00000034  00000+0  50164-5 0  9996
2 43079  86.3960 327.6891 0002177  92.4012 267.7433 14.34218141442212
IRIDIUM 144             
1 43249U 18030A   26154.48619444  .00000111  00000+0  32579-4 0  9994
2 43249  86.3955 296.1314 0002040  93.0281 267.1149 14.34218560428171
IRIDIUM 149             
1 43250U 18030B   26154.49253998  .00000004  00000+0 -55178-5 0  9998
2 43250  86.3943 296.0950 0002153  93.2178 266.9264 14.34217377428199
IRIDIUM 157             
1 43251U 18030C   26154.44179877  .00000004  00000+0 -55076-5 0  9994
2 43251  86.3944 296.1692 0002058  92.7250 267.4181 14.34217474428163
IRIDIUM 140             
1 43252U 18030D   26154.94920621  .00000027  00000+0  27352-5 0  9991
2 43252  86.3949 295.9690 0002146  91.6391 268.5051 14.34217609428298
IRIDIUM 145             
1 43253U 18030E   26154.44813854  .00000067  00000+0  16917-4 0  9994
2 43253  86.3951 296.1509 0001879  94.4998 265.6412 14.34218485428157
IRIDIUM 146             
1 43254U 18030F   26153.94073362  .00000005  00000+0 -53107-5 0  9997
2 43254  86.3948 296.3756 0002050  93.0477 267.0954 14.34217534428093
IRIDIUM 148             
1 43255U 18030G   26154.95554770  .00000040  00000+0  70940-5 0  9999
2 43255  86.3950 295.9940 0002131  96.0501 264.0938 14.34217937428274
IRIDIUM 142             
1 43256U 18030H   26154.92383517  .00000024  00000+0  16764-5 0  9992
2 43256  86.3945 295.8962 0001988  95.2585 264.8838 14.34217489428239
IRIDIUM 150             
1 43257U 18030J   26154.47351181  .00000004  00000+0 -54940-5 0  9992
2 43257  86.3945 296.2012 0002043  91.6251 268.5179 14.34217435428199
IRIDIUM 143             
1 43258U 18030K   26154.45448386 -.00000006  00000+0 -93439-5 0  9994
2 43258  86.3948 296.3013 0001937  92.4006 267.7412 14.34217324428124
IRIDIUM 161             
1 43478U 18047C   26154.30282571  .00000376  00000+0  10577-3 0  9990
2 43478  86.4479  94.2760 0002470  89.9942 270.1541 14.43281947423134
IRIDIUM 152             
1 43479U 18047D   26154.28766567  .00000033  00000+0  47785-5 0  9993
2 43479  86.3954  94.1433 0002364  85.1257 275.0209 14.34217603420496
IRIDIUM 147             
1 43480U 18047E   26154.29400565  .00000147  00000+0  45367-4 0  9998
2 43480  86.3956  94.1456 0002168  84.3251 275.8192 14.34217712420492
IRIDIUM 110             
1 43481U 18047F   26154.30035090  .00000047  00000+0  97096-5 0  9994
2 43481  86.3956  94.2344 0002558  89.2093 270.9396 14.34217825420487
IRIDIUM 162             
1 43482U 18047G   26154.29651377  .00000390  00000+0  10982-3 0  9993
2 43482  86.4477  94.1694 0002399  85.2096 274.9379 14.43273285423127
IRIDIUM 160             
1 43569U 18061A   26154.24618650  .00000087  00000+0  23909-4 0  9994
2 43569  86.3969  62.6255 0002269  87.5514 272.5941 14.34217702411372
IRIDIUM 166             
1 43570U 18061B   26155.10877839  .00000056  00000+0  12953-4 0  9991
2 43570  86.3967  62.2159 0002091  85.1137 275.0298 14.34217898411525
IRIDIUM 158             
1 43571U 18061C   26154.23984132  .00000066  00000+0  16636-4 0  9993
2 43571  86.3968  62.5888 0002344  83.5835 276.5628 14.34216372411368
IRIDIUM 165             
1 43572U 18061D   26155.10243230  .00000322  00000+0  10807-3 0  9996
2 43572  86.3970  62.2742 0002107  83.9328 276.2108 14.34220101411518
IRIDIUM 155             
1 43573U 18061E   26154.22715834  .00000099  00000+0  28460-4 0  9999
2 43573  86.3966  62.5102 0002211  81.2018 278.9429 14.34217910411351
IRIDIUM 154             
1 43574U 18061F   26155.11512074  .00000111  00000+0  32597-4 0  9991
2 43574  86.3969  62.2718 0002045  86.1294 274.0136 14.34217472411535
IRIDIUM 163             
1 43575U 18061G   26155.09609211  .00000096  00000+0  27320-4 0  9999
2 43575  86.3967  62.1953 0002353  84.8294 275.3171 14.34218514411509
IRIDIUM 156             
1 43576U 18061H   26154.65211288  .00000075  00000+0  19671-4 0  9991
2 43576  86.3964  62.3884 0002202  78.3978 281.7465 14.34216992411439
IRIDIUM 164             
1 43577U 18061J   26155.12146129  .00000183  00000+0  58117-4 0  9994
2 43577  86.3967  62.2324 0002087  90.4227 269.7208 14.34216430411544
IRIDIUM 159             
1 43578U 18061K   26154.25252876 -.00000003  00000+0 -81803-5 0  9997
2 43578  86.3964  62.5325 0002189  85.5676 274.5770 14.34217381411388
IRIDIUM 180             
1 43922U 19002A   26155.08924748  .00000019  00000+0 -10230-6 0  9995
2 43922  86.3973 359.0742 0002230  89.3702 270.7750 14.34217610387111
IRIDIUM 176             
1 43923U 19002B   26155.10918546  .00000926  00000+0  14304-3 0  9997
2 43923  86.6094 359.0116 0002067  84.8735 275.2718 14.72250537397323
IRIDIUM 168             
1 43924U 19002C   26155.08290465 -.00000017  00000+0 -13094-4 0  9997
2 43924  86.3974 359.1537 0002050  89.1006 271.0425 14.34217284387099
IRIDIUM 173             
1 43925U 19002D   26155.07021762  .00000262  00000+0  86519-4 0  9991
2 43925  86.3973 359.0486 0002255  87.4462 272.6992 14.34219202387071
IRIDIUM 169             
1 43926U 19002E   26155.10620239  .00000356  00000+0  10998-3 0  9991
2 43926  86.4235  30.6621 0002350  69.1920 290.9530 14.38608273388345
IRIDIUM 172             
1 43927U 19002F   26155.06387709  .00000024  00000+0  15379-5 0  9991
2 43927  86.3974 359.0592 0002271  89.7635 270.3821 14.34217486387086
IRIDIUM 175             
1 43928U 19002G   26154.34351604  .00000367  00000+0  10234-3 0  9990
2 43928  86.4502 296.3094 0000989 262.2416  97.8672 14.43604578396981
IRIDIUM 171             
1 43929U 19002H   26155.11461721  .00000014  00000+0 -20017-5 0  9991
2 43929  86.3983 359.3425 0002026  85.3395 274.8032 14.34217557387081
IRIDIUM 170             
1 43930U 19002J   26155.11537060  .00000251  00000+0  35948-4 0  9993
2 43930  86.6099 359.0117 0002366  87.6012 272.5476 14.72248600397338
IRIDIUM 167             
1 43931U 19002K   26155.10827407  .00000025  00000+0  17424-5 0  9999
2 43931  86.3975 359.0626 0001903  83.6021 276.5391 14.34217664387081
IRIDIUM 181             
1 56726U 23068S   26154.86454174  .00000229  00000+0  61933-4 0  9990
2 56726  86.4505  62.3588 0002275  88.3834 271.7627 14.43306685160513
IRIDIUM 177             
1 56727U 23068T   26155.00501736  .00000454  00000+0  56244-4 0  9994
2 56727  86.1957 335.0540 0002446  86.4663 273.6838 14.80229750164415
IRIDIUM 174             
1 56728U 23068U   26155.10300935 -.00000014  00000+0 -62114-5 0  9992
2 56728  86.6101 359.1625 0002485  89.3509 270.7993 14.72251410164090
IRIDIUM 178             
1 56729U 23068V   26155.06175075  .00001233  00000+0  15885-3 0  9996
2 56729  86.6548  30.8455 0002496  88.8573 271.2935 14.80243860164425
IRIDIUM 179             
1 56730U 23068W   26155.12399692  .00001228  00000+0  15820-3 0  9991
2 56730  86.6788  39.7600 0002344  85.6513 274.4977 14.80240814164432
