IRIDIUM 7               
1 24793U 97020B   26062.45501164  .00000489  00000+0  16092-3 0  9996
2 24793  86.3899  68.2169 0002154  80.1233 280.0207 14.36178864509103
IRIDIUM 5               
1 24795U 97020D   26062.27164936  .00006315  00000+0  48582-3 0  9993
2 24795  86.3915 323.9823 0099938 286.8886  72.1405 14.97558248524198
IRIDIUM 4               
1 24796U 97020E   26062.48444015  .00000510  00000+0  16529-3 0  9993
2 24796  86.3898  64.9060 0002260  85.7455 274.4000 14.37087095509703
IRIDIUM 914             
1 24836U 97030A   26062.45393310  .00000577  00000+0  17277-3 0  9991
2 24836  86.3871  72.7585 0003781  86.9210 273.2423 14.41154051644460
IRIDIUM 16              
1 24841U 97030F   26062.45706214  .00000468  00000+0  14552-3 0  9990
2 24841  86.3978  96.3806 0000897  19.4681 340.6551 14.38977285504284
IRIDIUM 911             
1 24842U 97030G   26062.50135038  .00000632  00000+0  16477-3 0  9998
2 24842  86.4401  94.8408 0012496 319.9039  40.1241 14.48009354512608
IRIDIUM 17              
1 24870U 97034B   26062.18363396  .00000445  00000+0  14024-3 0  9995
2 24870  86.3963 125.9321 0001127 139.2227 220.9055 14.38115010500808
IRIDIUM 920             
1 24871U 97034C   26062.18603979  .00000466  00000+0  13668-3 0  9996
2 24871  86.3933 104.5413 0009741 314.8029  45.2378 14.41817899503898
IRIDIUM 26              
1 24903U 97043A   26062.31404042  .00000557  00000+0  17989-3 0  9998
2 24903  86.4011   1.6957 0002034  82.2691 277.8737 14.37410236493968
IRIDIUM 22              
1 24907U 97043E   26062.39063942  .00000511  00000+0  16861-3 0  9998
2 24907  86.4012   5.4238 0002064  88.2876 271.8557 14.36191644493974
DUMMY MASS 1            
1 24925U 97048A   26062.34458899  .00000660  00000+0  70128-4 0  9999
2 24925  86.3378  15.3901 0004920 325.3789  34.7115 14.87268858543640
DUMMY MASS 2            
1 24926U 97048B   26062.35009881  .00000662  00000+0  70782-4 0  9992
2 24926  86.3375  17.0418 0006114 337.5211  22.5745 14.87018449543410
IRIDIUM 29              
1 24944U 97051A   26062.45756221  .00000566  00000+0  18531-3 0  9990
2 24944  86.3954  35.0249 0002259  91.9037 268.2419 14.36737368490496
IRIDIUM 33              
1 24946U 97051C   26062.38086061  .00000390  00000+0  12986-3 0  9995
2 24946  86.3870  34.3460 0006486 325.4897  34.5877 14.35096674489911
IRIDIUM 28              
1 24948U 97051E   26062.40739320  .00000510  00000+0  16345-3 0  9990
2 24948  86.3964  32.4166 0001857  75.5865 284.5538 14.37631697491088
IRIDIUM 36              
1 24967U 97056C   26062.46929162  .00000570  00000+0  18270-3 0  9992
2 24967  86.3909  64.0080 0001939  88.9710 271.1710 14.37865819489471
IRIDIUM 39              
1 25042U 97069D   26062.50352663  .00000744  00000+0  18778-3 0  9998
2 25042  86.3864  99.9789 0018655 153.4607 206.7557 14.49643051486526
IRIDIUM 38              
1 25043U 97069E   26062.25878129  .00000457  00000+0  14355-3 0  9999
2 25043  86.3958 124.2546 0001911  40.1277 320.0062 14.38407441483196
IRIDIUM 42              
1 25077U 97077A   26062.23674956  .00000477  00000+0  15541-3 0  9995
2 25077  86.3979 130.7597 0002128  73.5163 286.6268 14.36616895478382
IRIDIUM 44              
1 25078U 97077B   26062.18608155  .00000404  00000+0  12086-3 0  9999
2 25078  86.3932 112.0027 0000700 140.3416 219.7834 14.40506724480980
IRIDIUM 45              
1 25104U 97082A   26062.11325618  .00028353  00000+0  69566-3 0  9996
2 25104  86.3485 280.9093 0091318  72.7169 288.4049 15.36240609491592
IRIDIUM 24              
1 25105U 97082B   26062.23730470  .00000648  00000+0  18998-3 0  9996
2 25105  86.3950 330.4136 0009669 309.8509  50.1840 14.42433911480552
IRIDIUM 51              
1 25262U 98018A   26062.50404059  .00638687  17884-3  13063-2 0  9990
2 25262  86.3535 283.8895 0017978 309.1194  50.8493 15.99113297487365
IRIDIUM 57              
1 25273U 98019B   26062.45906729  .00000489  00000+0  16133-3 0  9991
2 25273  86.3954  36.5070 0002081  85.4705 274.6730 14.36118837461997
IRIDIUM 63              
1 25286U 98021B   26062.27524789  .00000495  00000+0  16115-3 0  9997
2 25286  86.4027 333.4364 0002246  91.5052 268.6402 14.36818994461040
IRIDIUM 69              
1 25319U 98026A   26062.32054472  .00000653  00000+0  19601-3 0  9991
2 25319  86.4031 345.8829 0000732 184.4204 175.6989 14.41313206460389
IRIDIUM 71              
1 25320U 98026B   26062.23273669  .00000562  00000+0  16731-3 0  9994
2 25320  86.4029 340.5898 0001724  23.3372 336.7906 14.41399790460904
IRIDIUM 73              
1 25344U 98032C   26062.13041708  .00000586  00000+0  13966-3 0  9996
2 25344  86.4393 296.8354 0002013 105.6149 254.5280 14.52114470468139
IRIDIUM 82              
1 25467U 98051A   26062.22913138  .00095066  00000+0  12382-2 0  9995
2 25467  86.3619 340.3108 0051179  23.6899 336.6703 15.56819613463879
