HST                     
1 20580U 90037B   26178.24823549  .00007152  00000+0  22534-3 0  9998
2 20580  28.4733  11.8084 0001399 264.2756  95.7680 15.30861955790116
POLAR                   
1 23802U 96013A   26178.05004463  .00000164  00000+0  00000+0 0  9999
2 23802  79.8666 226.9363 6480242 208.7404  90.4803  1.29846078144986
SWAS                    
1 25560U 98071A   26178.48468397  .00002389  00000+0  15443-3 0  9997
2 25560  69.8942 200.9624 0008742 249.6021 110.4204 15.09672170498827
CXO                     
1 25867U 99040B   26179.95532601  .00000592  00000+0  00000+0 0  9990
2 25867  56.3077 116.3625 7815439 310.1470   0.3486  0.37796038 17366
XMM-NEWTON              
1 25989U 99066A   26179.31942051  .00000041  00000+0  00000+0 0  9996
2 25989  64.4273 282.8431 4670867  64.6865   0.1170  0.50127671 23061
TERRA                   
1 25994U 99068A   26178.50409198  .00000371  00000+0  84556-4 0  9993
2 25994  97.9451 227.6411 0002391 160.1344 307.1952 14.61110705411114
CLUSTER II-FM7 (SAMBA)  
1 26410U 00041A   26179.29571931  .00010019  00000+0  00000+0 0  9999
2 26410 149.8957  52.7269 9065028 270.0741 359.5894  0.44873944 20367
CLUSTER II-FM8 (TANGO)  
1 26464U 00045B   26177.44442434  .00007600  00000+0  00000+0 0  9994
2 26464 150.1190  53.5568 9067324 270.7220   2.5445  0.44409415 20355
ODIN                    
1 26702U 01007A   26178.37049588  .00232407  00000+0  12437-2 0  9999
2 26702  97.3807 219.9927 0006093 136.5309 223.6439 15.79674935391005
TIMED                   
1 26998U 01055B   26178.51218691  .00000906  00000+0  85784-4 0  9992
2 26998  74.0664 214.2291 0001638 321.7717  38.3351 14.95312238332368
CORIOLIS                
1 27640U 03001A   26178.48507303  .00000106  00000+0  70397-4 0  9993
2 27640  98.7127 185.2126 0013975 178.4112 181.7111 14.19947508215689
SORCE                   
1 27651U 03004A   26178.49995350  .00002357  00000+0  17917-3 0  9990
2 27651  39.9888 202.8372 0016393 128.8346 231.3914 15.03757726273453
MOST                    
1 27843U 03031D   26178.48920749  .00000069  00000+0  51573-4 0  9997
2 27843  98.7044 186.0713 0009090 217.3674 142.6872 14.21324503192177
SCISAT 1                
1 27858U 03036A   26178.35505236  .00000618  00000+0  83564-4 0  9999
2 27858  73.9290 151.1406 0008207 221.2650 138.7907 14.81458509232956
SWIFT                   
1 28485U 04047A   26178.42451100  .00055035  00000+0  43976-3 0  9992
2 28485  20.5517 105.8712 0001425  82.1861 277.8747 15.69296928188478
HINODE (SOLAR-B)        
1 29479U 06041A   26178.47324461  .00000682  00000+0  12564-3 0  9993
2 29479  98.0544 194.4741 0015993 254.1235 105.8208 14.68636037 56382
SHIJIAN-6 02A (SJ-6 02A)
1 29505U 06046A   26178.51352601  .00009334  00000+0  47464-3 0  9990
2 29505  97.6364 219.6579 0004749 101.5459 258.6307 15.17063977 73834
SHIJIAN-6 02B (SJ-6 02B)
1 29506U 06046B   26178.54324928  .00001854  00000+0  14815-3 0  9998
2 29506  97.7160 207.5384 0015271  31.2985 328.9145 15.01403126 72292
FGRST (GLAST)           
1 33053U 08029A   26178.24666331  .00002915  00000+0  10340-3 0  9995
2 33053  25.5810 134.6279 0008528  85.7083 274.4430 15.23986907997372
SDO                     
1 36395U 10005A   26178.28933590 -.00000095  00000+0  00000+0 0  9998
2 36395  34.6720  86.1888 0001538  47.5663 143.6115  1.00270710 60169
CRYOSAT 2               
1 36508U 10013A   26178.48844395  .00000107  00000+0  25860-4 0  9998
2 36508  92.0360 279.8056 0002136  94.9744 265.1707 14.51902306859573
X-SAT                   
1 37389U 11015C   26178.47549517  .00000441  00000+0  20492-3 0  9992
2 37389  98.3507 155.0087 0013278 317.4855  42.5296 14.25210370789146
GCOM-W1 (SHIZUKU)       
1 38337U 12025A   26178.41130550  .00000448  00000+0  10950-3 0  9990
2 38337  98.2022 118.8122 0001624  69.1512  42.0242 14.57133527750520
NUSTAR                  
1 38358U 12031A   26178.58335647  .00004437  00000+0  22018-3 0  9992
2 38358   6.0271 316.1616 0008622 264.0001 289.3056 15.08899419  1301
NEOSSAT                 
1 39089U 13009D   26178.45342541  .00000149  00000+0  66093-4 0  9995
2 39089  98.4180 358.2421 0010347 210.4783 149.5803 14.35829902698215
BRITE-AUSTRIA           
1 39091U 13009F   26178.44694403  .00000170  00000+0  72334-4 0  9993
2 39091  98.3997 357.6288 0009657 203.2735 156.8015 14.36545897698525
IRIS                    
1 39197U 13033A   26178.53533990  .00001005  00000+0  12125-3 0  9999
2 39197  97.9325  17.7799 0023008 286.2400  73.6284 14.85904252701919
HISAKI (SPRINT-A)       
1 39253U 13049A   26178.43985928  .00000104  00000+0  54638-4 0  9995
2 39253  29.7172 167.8837 0136859  99.9744 261.6303 13.55545569632815
CASSIOPE                
1 39265U 13055A   26178.45882157  .00047394 -36004-6  51352-3 0  9999
2 39265  80.9148  54.2403 0288720  27.8978 333.7395 15.26143758669234
STSAT-3                 
1 39422U 13066G   26178.50001807  .00003208  00000+0  24389-3 0  9992
2 39422  97.6211 148.2223 0010228  15.6374 344.5165 15.02811691685752
SWARM B                 
1 39451U 13067A   26178.47744610  .00003553  00000+0  12651-3 0  9999
2 39451  87.7440 339.1897 0003002  81.5945 278.5644 15.28612813684811
SWARM A                 
1 39452U 13067B   26178.47809897  .00009906  00000+0  16914-3 0  9993
2 39452  87.3322  52.4178 0003146  97.2046 262.9573 15.51143671707843
SWARM C                 
1 39453U 13067C   26178.47799534  .00009820  00000+0  16767-3 0  9991
2 39453  87.3321  50.9990 0003141  97.5820 262.5798 15.51142539707809
BRITE-CA1 (TORONTO)     
1 40020U 14033L   26178.36533176  .00000868  00000+0  13812-3 0  9994
2 40020  97.9749 307.1062 0077363 243.8589 115.4646 14.72691852643710
OCO 2                   
1 40059U 14035A   26178.45589111  .00000390  00000+0  96685-4 0  9998
2 40059  98.2019 119.5925 0001510  83.4353 276.7018 14.57119167637542
BRITE-PL2 (HEWELIUSZ)   
1 40119U 14049B   26178.54934473  .00001631  00000+0  15572-3 0  9999
2 40119  97.9108 290.6296 0015327  76.8594 283.4336 14.94631287642996
MMS 1                   
1 40482U 15011A   26178.58335647 -.00000889  00000+0  00000+0 0  9995
2 40482  72.2549 348.6907 8317349 167.6224 279.1381  0.28371467  1380
MMS 2                   
1 40483U 15011B   26178.58335647 -.00000890  00000+0  00000+0 0  9998
2 40483  72.2586 348.6897 8320159 167.6257 279.1285  0.28371437  1389
MMS 3                   
1 40484U 15011C   26178.58335647 -.00000889  00000+0  00000+0 0  9997
2 40484  72.2586 348.7015 8318528 167.6332 279.1024  0.28371436  1384
MMS 4                   
1 40485U 15011D   26178.58335647 -.00000889  00000+0  00000+0 0  9998
2 40485  72.2548 348.6848 8318431 167.6430 279.0955  0.28371433  1387
ASTROSAT                
1 40930U 15052A   26178.31699257  .00001555  00000+0  10752-3 0  9998
2 40930   5.9975  82.4253 0007905 183.2335 176.7742 14.82523206581330
DAMPE                   
1 41173U 15078A   26178.49647053  .00001457  00000+0  51455-4 0  9999
2 41173  97.4557 184.0144 0013385  45.1499 315.0827 15.30811506586127
PISAT                   
1 41784U 16059B   26178.49754209  .00000896  00000+0  15988-3 0  9995
2 41784  97.8180 178.5074 0029246 169.6128 190.5689 14.69000082521250
HXMT (HUIYAN)           
1 42758U 17034A   26178.32982421  .00004789  00000+0  23610-3 0  9998
2 42758  43.0134 126.5599 0032124 211.5871 148.3049 15.18543815499201
FLYING LAPTOP           
1 42831U 17042G   26178.51725409  .00002209  00000+0  17589-3 0  9994
2 42831  97.4725 333.6550 0019970  88.7419 271.6093 15.01208876488008
ZHANGHENG 1-01 (CSES-1) 
1 43194U 18015C   26178.53439441  .00007424  00000+0  33729-3 0  9996
2 43194  97.6871 344.3984 0017429 227.9002 132.0752 15.20941074466213
SALSAT                  
1 46495U 20068K   26178.47981012  .00007487  00000+0  26096-3 0  9991
2 46495  97.8847 182.1720 0007835 263.9678  96.0668 15.29940196316931
IXPE                    
1 49954U 21121A   26178.50002315  .00011605  00000+0  63113-3 0  9997
2 49954   0.2286 239.6763 0007071 231.5885 149.9907 15.10344809  5171
SMILE                   
1 69123U 26109A   26158.38327019 -.00000041  00000+0 -36778-3 0  9994
2 69123  69.9787 209.3069 3310191 288.5544  45.7342  7.54049028  2480
