ISS (ZARYA)             
1 25544U 98067A   26143.48718465  .00006763  00000+0  12930-3 0  9998
2 25544  51.6326  62.3775 0007523  89.6569 270.5281 15.49328337567924
POISK                   
1 36086U 09060A   26143.48718465  .00006763  00000+0  12930-3 0  9996
2 36086  51.6326  62.3775 0007523  89.6569 270.5281 15.49328337567758
CSS (TIANHE)            
1 48274U 21035A   26143.26969174  .00014569  00000+0  18018-3 0  9991
2 48274  41.4680 113.5197 0011094 265.7076  94.2495 15.59745917289279
ISS (NAUKA)             
1 49044U 21066A   26143.48718465  .00006763  00000+0  12930-3 0  9994
2 49044  51.6326  62.3775 0007523  89.6569 270.5281 15.49328337567790
FREGAT DEB              
1 49271U 11037PF  26143.18085906  .00014560  00000+0  23336-1 0  9991
2 49271  51.6251  77.0405 0922231 228.0962 123.7608 12.41614265221943
CSS (WENTIAN)           
1 53239U 22085A   26143.26969174  .00014569  00000+0  18018-3 0  9994
2 53239  41.4680 113.5197 0011094 265.7076  94.2495 15.59745917288231
CSS (MENGTIAN)          
1 54216U 22143A   26143.26969174  .00014569  00000+0  18018-3 0  9995
2 54216  41.4680 113.5197 0011094 265.7076  94.2495 15.59745917289496
HRC MONOBLOCK CAMERA    
1 66052U 98067XR  26143.02947881  .00053560  00000+0  43309-3 0  9994
2 66052  51.6261  48.0352 0003742  89.2618 270.8808 15.70271440 34049
HTV-X1                  
1 66174U 25241A   26143.04052338  .00021117  00000+0  22625-3 0  9990
2 66174  51.6349  67.5705 0007426  92.6846 267.4998 15.63763779 32417
SZ-21 MODULE            
1 66515U 25246C   26143.23738833  .00035640  00000+0  24265-3 0  9994
2 66515  41.4726 102.4580 0004994 206.3010 153.7581 15.74129738 29803
SHENZHOU-22             
1 66645U 25272A   26143.26969174  .00014569  00000+0  18018-3 0  9990
2 66645  41.4680 113.5197 0011094 265.7076  94.2495 15.59745917289518
SOYUZ-MS 28             
1 66664U 25275A   26143.48718465  .00006763  00000+0  12930-3 0  9997
2 66664  51.6326  62.3775 0007523  89.6569 270.5281 15.49328337567876
DUPLEX                  
1 66906U 98067XS  26143.03059158  .00028312  00000+0  34153-3 0  9998
2 66906  51.6279  56.3218 0005305  96.6161 263.5437 15.60519672 26725
ISS OBJECT XY           
1 66912U 98067XY  26143.01306571  .00171748  00000+0  80636-3 0  9996
2 66912  51.6226  46.3690 0005019 135.7979 224.3425 15.82123701 26844
KNACKSAT-2              
1 67683U 98067XZ  26143.47615743  .00034577  00000+0  46334-3 0  9991
2 67683  51.6304  58.5531 0012027 109.7965 250.4324 15.57562157 16424
CORAL                   
1 67684U 98067YA  26143.47145157  .00109302  00000+0  94936-3 0  9999
2 67684  51.6263  54.7540 0013437 112.8198 247.4219 15.68132409 16475
GXIBA-1                 
1 67685U 98067YB  26143.05151742  .00041599  00000+0  53240-3 0  9997
2 67685  51.6285  60.2163 0013659 105.9303 254.3195 15.58672502 16360
UITMSAT-2               
1 67686U 98067YC  26143.17178314  .00059743  00000+0  69790-3 0  9992
2 67686  51.6278  58.7706 0010092  91.5050 268.7100 15.60963196 16398
LEOPARD                 
1 67687U 98067YD  26143.06890270  .00040230  00000+0  52552-3 0  9992
2 67687  51.6302  60.3418 0009988  89.0865 271.1272 15.58195914 16282
HMU-SAT2                
1 67688U 98067YE  26143.01243722  .00047194  00000+0  57660-3 0  9993
2 67688  51.6295  59.9619 0010037  89.5443 270.6701 15.59892172 16287
CREW DRAGON 12          
1 67796U 26031A   26143.48718465  .00006763  00000+0  12930-3 0  9995
2 67796  51.6326  62.3775 0007523  89.6569 270.5281 15.49328337567839
PROGRESS-MS 33          
1 68319U 26058A   26143.48718465  .00006763  00000+0  12930-3 0  9996
2 68319  51.6326  62.3775 0007523  89.6569 270.5281 15.49328337567910
CYGNUS NG-24            
1 68689U 26079A   26143.16467706  .00007181  00000+0  13679-3 0  9999
2 68689  51.6326  63.9740 0007533  88.4093 271.7758 15.49323528567895
PROGRESS-MS 34          
1 68837U 26093A   26143.16467706  .00007181  00000+0  13679-3 0  9990
2 68837  51.6326  63.9740 0007533  88.4093 271.7758 15.49323528567935
TIANZHOU-10             
1 69049U 26102A   26143.26969174  .00014569  00000+0  18018-3 0  9994
2 69049  41.4680 113.5197 0011094 265.7076  94.2495 15.59745917289261
DRAGON CRS-34           
1 69103U 26107A   26143.48718465  .00006763  00000+0  12930-3 0  9993
2 69103  51.6326  62.3775 0007523  89.6569 270.5281 15.49328337568036
